//序号	NPC名字	NPC类型	Chr索引ID	小地图显示	坐标起点	坐标终点	NPC面向	区域	区域编号	NPC脚本	消息理	检测状态
1	竞技花园海港指挥	1	453	9	14100,4800	14100,4800	180	小花园	86	0	r_talk248	0
2	竞技花园海港指挥	1	453	9	23800,10500	23800,10500	180	小花园	86	0	r_talk249	0
3	竞技花园海港指挥	1	453	9	22900,36900	22900,36900	180	小花园	86	0	r_talk250	0
4	竞技花园海港指挥	1	453	9	32600,42300	32600,42300	121	小花园	86	0	r_talk251	0
5	竞技花园海港指挥	1	453	9	23100,22300	23100,22300	180	小花园	86	0	r_talk257	0
6	竞技花园海港指挥	1	453	9	23100,24800	23100,24800	180	小花园	86	0	r_talk258	0
7	神秘商人	1	453	12	23900,23100	23900,23100	180	小花园	86	0	r_talk259	0
8	药草商人	1	17	11	25600,39900	25600,39900	90	小花园	86	0	r_talk260	0
9	药草商人	1	17	11	23100,7200	23100,7200	0	小花园	86	0	r_talk260	0
