//ID	模型文件	中文名称	Photo名称	flag	ObjTypeID	dummy	dummy2	高度偏移	播放时间	LightID	基准值
1	wave1.par	海浪	海浪	0	0	-1	-1	1	0	0	-1
2	dian.par	电球	海浪	0	0	0	-1	0	0	0	-1
3	shuihua01.par	大水花	大水花	0	0	0	-1	0	0	0	-1
4	shuihua02.par	水花	海浪	0	0	0	-1	0	0	0	-1
5	guang.par	光	海浪	0	0	0	-1	0	0	0	-1
6	blacksmoke.par	黑烟	海浪	0	0	0	-1	0	0	0	-1
7	xieguang.par	斜光	海浪	0	0	0	-1	0	0	0	-1
8	add.par	雾	海浪	0	0	0	-1	0	0	0	-1
9	firefly.par	萤火虫	海浪	0	0	0	-1	0	0	0	-1
10	00000002.par	火焰	海浪	0	0	0	-1	0	0	0	-1
11	00000003.par	火焰2	海浪	0	0	0	-1	0	0	0	-1
12	wave2.par	海浪2	海浪	0	0	0	-1	0	0	0	-1
13	whitesmoke.par	白烟	海浪	0	0	0	-1	0	0	0	-1
14	snow.par	雪	海浪	0	0	0	-1	0	0	0	-1
15	00000007.par	沙岚火焰	海浪	0	0	0	-1	0	0	0	-1
16	sali.par	风沙	海浪	0	0	0	-1	0	0	0	-1
17	ufo2.par	灵火2	海浪	0	0	0	-1	0	0	0	-1
18	ufo.par	灵火	海浪	0	0	0	-1	0	0	0	-1
19	fjq.par	物质分解器	海浪	0	0	0	-1	0	0	0	-1
20	scq.par	物质生成器	海浪	0	0	0	-1	0	0	0	-1
21	niurou1.par	焰魔	海浪	0	0	1,2,3,4,7,11,13,14	-1	0	0	0	-1
22	niurou2.par	焰魔	海浪	0	0	5,6,8,9,10,12	-1	0	0	0	-1
23	bigchibang.par	父神维尔	海浪	1	0	24	-1	0	0	0	-1
95	00000001.par	30斜光	海浪	0	0	0	-1	0	0	0	-1
96	01030011.par	道具特效	海浪	0	0	0	-1	0	0	0	-1
97	waterwave1.par	水波	海浪	1	0	-1	-1	0	0	0	-1
98	waterwave2.par	水波2	海浪	1	0	-1	-1	0	0	0	-1
99	miss2.par	爆字	海浪	0	0	0	1	0	0	0	-1
100	wolf.par	狼嚎施放	海浪	0	0	-1	-1	0	1	0	-1
101	01030006.par	狼嚎命中	海浪	0	0	-1	1	0	1	0	-1
102	foot02.par	虎啸施放	海浪	0	0	-1	-1	20	1	0	-1
103	foot.par	虎啸命中	海浪	0	0	-2	1	0	1	0	-1
104	runatktarget.par	连珠箭命中	海浪	0	0	-1	-1	0	1	0	-1
105	yfire.par	连珠箭施放	海浪	0	0	-1	1	0	1	0	-1
106	fallstar02.par	流星箭地面命中	海浪	0	0	-1	-1	0	1	0	-1
107	fallstar01.par	流星箭人物施放	海浪	0	0	-1	1	0	1	0	-1
108	01000004.par	散射弹施放	海浪	0	0	-1	-1	0	1	0	-1
109	01020005.par	散射弹命中	海浪	0	0	-1	1	0	1	0	-1
110	01020006.par	穿透弹命中	海浪	0	0	-1	-1	0	1	0	-1
111	01010002.par	燃烧弹地面命中	海浪	0	0	-1	1	0	1	0	-1
112	01030001.par	燃烧弹地面持续	海浪	0	0	-1	-1	0	1	0	-1
113	heallight.pa	大治愈术施放	海浪	0	0	-1	1	0	1	0	-1
114	01020007.par	大治愈术命中	海浪	0	0	-1	-1	0	1	0	-1
115	01050013.par	燃烧弹人物持续	海浪	0	0	-1	-1	0	1	0	-1
116	01040024.par	虎啸人物持续	海浪	0	0	-1	-1	0	1	0	-1
117	spire01.par	狂暴施放	海浪	0	0	-1	-1	0	1	0	-1
118	ragefire.par	狂暴人物持续	海浪	0	0	-1	-1	0	1	0	-1
119	01000007.par	图腾招唤施放	海浪	0	0	-1	-1	0	1	0	-1
120	01020008.par	图腾招唤人物命中	海浪	0	0	-1	-1	0	1	0	-1
121	hide01.par	隐月流潜行术施放	海浪	0	0	-1	-1	0	1	0	-1
122	01000009.par	伊贺鬼轮斩施放	海浪	0	0	-1	-1	0	1	0	-1
123	01040002.par	伊贺鬼轮斩人物持续	海浪	0	0	-1	-1	0	1	0	-1
124	01000010.par	伊贺流背刺杀施放	海浪	0	0	-1	-1	0	1	0	-1
125	01020009.par	伊贺流背刺杀人物命中	海浪	0	0	-1	1	0	1	0	-1
126	01000011.par	伊贺流刺盲术施放	海浪	0	0	-1	-1	0	1	0	-1
127	01040003.par	伊贺流刺盲术人物持续	海浪	0	0	-1	-1	0	1	0	-1
128	01020010.par	坚韧术人物命中	海浪	0	0	-1	-1	0	1	0	-1
129	01020011.par	冰霜护盾人物命中	海浪	0	0	-1	-1	0	1	0	-1
130	critical.par	双倍伤害	海浪	0	0	-1	-1	0	1	0	-1
131	01030006.par	受到伤害	海浪	0	0	-1	1	0	1	0	-1
132	01030007.par	Levelup	海浪	0	0	-1	-1	0	1	0	-1
133	01030008.par	HP恢复	海浪	0	0	-1	-1	0	1	0	-1
134	01030009.par	sp恢复	海浪	0	0	-1	-1	0	1	0	-1
135	01040004.par	冰霜护盾人物持续	海浪	0	0	-1	-1	0	1	0	-1
136	01000012.par	回旋盾击施放	海浪	0	0	-1	-1	0	1	0	-1
137	01000013.par	丛林穿越施放	海浪	0	0	-1	-1	0	1	0	-1
138	01040005.par	丛林穿越人物持续	海浪	0	0	-1	-1	0	1	0	-1
139	01000014.par	慧星强击施放	海浪	0	0	-1	-1	0	1	0	-1
140	01020012.par	慧星强击人物命中	海浪	0	0	-1	-1	0	1	0	-1
141	01000015.par	宠物理疗施放	海浪	0	0	-1	-1	0	1	0	-1
142	04000010.par	腿狙射击释放	海浪	0	0	-2	-1	0	1	0	-1
143	01040006.par	腿狙持续	海浪	0	0	-1	-1	0	1	0	-1
144	01020013.par	腿狙命中	海浪	0	0	-1	-1	0	1	0	-1
145	01000017.par	火焰喷射施放	海浪	0	0	-1	-1	0	1	0	-1
146	01040007.par	火焰喷射人物持续	海浪	0	0	-1	-1	0	1	0	-1
147	01040008.par	暴头人物持续	海浪	0	0	-1	-1	0	1	0	-1
148	01020014.par	回复术人物命中	海浪	0	0	-1	-1	0	1	0	-1
149	01010003.par	大回复术地面命中	海浪	0	0	-1	1	0	1	0	-1
150	01000018.par	烈焰之翼施放	海浪	0	0	-1	-1	0	1	0	-1
151	01020015.par	烈焰之翼人物命中	海浪	0	0	-1	-1	0	1	0	-1
152	01040009.par	烈焰之翼人物持续	海浪	0	0	-1	-1	0	1	0	-1
153	01020016.par	圣火之光人物命中	海浪	0	0	-1	-1	0	1	0	-1
154	01040010.par	圣火之光人物持续	海浪	0	0	-1	-1	0	1	0	-1
155	01020017.par	心灵之火人物命中	海浪	0	0	-1	-1	0	1	0	-1
156	01040011.par	心灵之火人物持续	海浪	0	0	-1	-1	0	1	0	-1
157	firelighting02.par	诅咒之火释放	海浪	0	0	-1	-1	0	1	0	-1
158	fireghosth.par	诅咒之火人物持续	海浪	0	0	-1	-1	0	1	0	-1
159	angel.par	天使护盾	海浪	0	0	-1	-1	0	1	0	-1
160	01000019.par	天使护盾人物命中	海浪	0	0	-1	-1	0	1	0	-1
161	01040034.par	天使护盾人物持续	海浪	0	0	-1	-1	0	1	0	-1
162	01020020.par	圣职纹章人物命中	海浪	0	0	-1	-1	0	1	0	-1
163	01040014.par	圣职纹章人物持续	海浪	0	0	-1	-1	0	1	0	-1
164	01020021.par	天使祈愿人物命中	海浪	0	0	-1	-1	0	1	0	-1
165	spahurt.par	回复温泉地面持续	海浪	0	0	-1	-1	0	1	0	-1
166	01040033.par	回复温泉人物持续	海浪	0	0	-1	-1	0	1	0	-1
167	01000020.par	幸运之光施放	海浪	0	0	-1	-1	0	1	0	-1
168	01020022.par	幸运之光人物命中	海浪	0	0	-1	-1	0	1	0	-1
169	01040016.par	幸运之光人物持续	海浪	0	0	-1	-1	0	1	0	-1
170	01020040.par	风之领主人物命中	海浪	0	0	-1	1	0	1	0	-1
171	01020024.par	急速风暴人物命中	海浪	0	0	-1	-1	0	1	0	-1
172	01040017.par	急速风暴人物持续	海浪	0	0	-1	-1	0	1	0	-1
173	01030003.par	闪躲壁障地面持续	海浪	0	0	-1	-1	0	1	0	-1
174	01040018.par	闪躲壁障人物持续	海浪	0	0	-1	-1	0	1	0	-1
175	feye.par	圣眼之翼施放	海浪	0	0	-1	-1	0	1	0	-1
176	01000021.par	圣眼之翼人物持续	海浪	0	0	-1	-1	0	1	0	-1
177	01020025.par	贤者封印人物命中	海浪	0	0	-1	-1	0	1	0	-1
178	01040020.par	贤者封印人物持续	海浪	0	0	-1	-1	0	1	0	-1
179	shadow01.par	暗影之章地面命中	海浪	0	0	-1	-1	0	1	0	-1
180	shadowh.par	暗影之章人物持续	海浪	0	0	-1	-1	0	1	0	-1
181	01020027.par	十字束缚人物命中	海浪	0	0	-1	-1	0	1	0	-1
182	01040022.par	十字束缚人物持续	海浪	0	0	-1	-1	0	1	0	-1
183	01000022.par	回复天使施放	海浪	0	0	-1	-1	0	1	0	-1
184	01010004.par	回复天使地面命中	海浪	0	0	-1	1	0	1	0	-1
185	fireghostt.par	诅咒之火地面命中	海浪	0	0	-1	-1	0	1	0	-1
186	01000014.par	幻影斩施放	海浪	0	0	-1	-1	0	1	0	-1
187	bang02.par	重击施放	海浪	0	0	-1	-1	0	1	0	-1
188	01000025.par	兽王之拳施放	海浪	0	0	-1	-1	0	1	0	-1
189	01000026.par	冰冻箭施放	海浪	0	0	-1	-1	0	1	0	-1
190	hpushf.par	心灵冲撞施放	海浪	0	0	-1	-1	0	1	0	-1
191	01000028.par	心灵之火施放	海浪	0	0	-1	-1	0	1	0	-1
192	01000029.par	风之领主施放	海浪	0	0	-1	-1	0	1	0	-1
193	01000030.par	极速风暴施放	海浪	0	0	-1	-1	0	1	0	-1
194	angel1.par	天使护盾道具释放	海浪	0	0	-1	-1	0	1	0	-1
195	01020028.par	幻影斩命中	海浪	0	0	-1	-1	0	1	0	-1
196	bang.par	重击命中	海浪	0	0	-1	-1	0	1	0	-1
197	01020030.par	兽王之拳命中	海浪	0	0	-1	-1	0	1	0	-1
198	poisont.par	毒标命中	海浪	0	0	-1	-1	0	1	0	-1
199	01020032.par	麻痹命中	海浪	0	0	-1	-1	0	1	0	-1
200	01020033.par	冰冻箭命中	海浪	0	0	-1	-1	0	1	0	-1
201	01020034.par	心灵冲撞命中	海浪	0	0	-1	1	0	1	0	-1
202	01020035.par	心灵之火命中	海浪	0	0	-1	-1	0	1	0	-1
203	01020036.par	急速风暴命中	海浪	0	0	-1	-1	0	1	0	-1
204	seal.par	天使护盾命中	海浪	0	0	-1	-1	0	1	0	-1
205	01020038.par	贤者封印命中	海浪	0	0	-1	-1	0	1	0	-1
206	01040011.par	心灵之火持续	海浪	0	0	-1	-1	0	1	0	-1
207	01040025.par	风之领主持续	海浪	0	0	-1	-1	0	1	0	-1
208	01040035.par	急速风暴持续	海浪	0	0	-1	-1	0	1	0	-1
209	01040027.par	天使护盾持续	海浪	0	0	-1	-1	0	1	0	-1
210	01040028.par	技能禁止持续	海浪	0	0	-1	-1	0	1	0	-1
211	barrierh.par	心灵屏障持续	海浪	0	0	-1	-1	0	1	0	-1
212	01040030.par	冰冻箭持续	海浪	0	0	-1	-1	0	1	0	-1
213	01000032.par	鹰眼释放	海浪	0	0	-1	-1	0	1	0	-1
214	01040032.par	鹰眼持续	海浪	0	0	-1	-1	0	1	0	-1
215	01020044.par	鹰眼命中	海浪	0	0	-1	-1	0	1	0	-1
216	01050021.par	挖矿特效	海浪	0	0	-1	-1	0	1	0	-1
217	01030010.par	普通刀光幻影	海浪	0	0	-1	-1	0	1	0	-1
218	swordlight02.par	刀光02	海浪	0	0	-1	-1	0	1	0	-1
219	01000011.par	小回复术释放	海浪	0	0	-1	-1	0	1	0	-1
220	swordlightj.par	刀光	海浪	0	0	-1	-1	0	1	0	-1
221	fushe.par	辐射	海浪	0	0	-1	-1	0	1	0	-1
222	penhuo.par	喷火	海浪	0	0	-1	-1	0	1	0	-1
223	shanguang.par	闪光	海浪	0	0	-1	-1	0	1	0	-1
224	shihuac.par	石化人物持续	海浪	0	0	-1	-1	0	1	0	-1
226	01010505.par	章鱼技能命中	海浪	0	0	-1	-1	0	1	0	-1
227	01010506.par	针刺曼陀罗命中	海浪	0	0	-2	-1	0	1	0	-1
229	01030006.par	飞熊猫命中	海浪	0	0	-1	-1	0	1	0	-1
230	01010511.par	地精长老命中	海浪	0	0	-1	-1	0	1	0	-1
231	01010510.par	水精灵命中	海浪	0	0	-1	-1	0	1	0	-1
232	01010513.par	珍珠贝命中	海浪	0	0	-1	-1	0	1	0	-1
233	01010507.par	小冰龙命中	海浪	0	0	-1	-1	0	1	0	-1
234	01010508.par	大冰龙命中	海浪	0	0	-1	-1	0	1	0	-1
235	01010514.par	射水贝命中	海浪	0	0	-1	-1	0	1	0	-1
236	firegush.par	狂暴命中	海浪	0	0	-1	-1	0	1	0	-1
237	abysm02.par	深渊沼泽释放	海浪	0	0	-1	-1	0	1	0	-1
238	abysm01.par	深渊沼泽道具释放	海浪	0	0	-1	-1	0	1	0	-1
239	abysm03.par	深渊沼泽命中	海浪	0	0	-1	-1	0	1	0	-1
240	abysm04.par	深渊沼泽持续	海浪	0	0	-1	-1	0	1	0	-1
241	spa.par	回复温泉释放	海浪	0	0	-1	-1	0	1	0	-1
242	spaf.par	回复温泉道具释放	海浪	0	0	-1	-1	0	1	0	-1
243	firelighting01.par	诅咒之火道具释放	海浪	0	0	-1	-1	0	1	0	-1
244	shadowf01.par	暗影之章释放	海浪	0	0	-1	-1	0	1	0	-1
245	shadowi.par	暗影之章道具释放	海浪	0	0	-1	-1	0	1	0	-1
246	barrierf.par	心灵屏障释放	海浪	0	0	-1	-1	0	1	0	-1
247	barrieri.par	心灵屏障道具释放	海浪	0	0	-1	-1	0	1	0	-1
248	barriert.par	心灵屏障命中	海浪	0	0	-1	-1	0	1	0	-1
249	poisonf.par	毒标释放	海浪	0	0	-1	-1	0	1	0	-1
250	poisonh.par	毒标持续	海浪	0	0	-1	-1	0	1	0	-1
251	dancet.par	鬼舞斩命中	海浪	0	0	-1	-1	0	1	0	-1
252	dancef.par	鬼舞斩释放	海浪	0	0	-1	-1	0	1	0	-1
253	danceh.par	鬼舞斩持续	海浪	0	0	-1	-1	0	1	0	-1
254	01000033.par	燃烧弹释放	海浪	0	0	-1	-1	0	1	0	-1
255	01000033(a).par	燃烧弹道具释放	海浪	0	0	-2	-1	0	1	0	-1
256	01000016.par	爆头道具释放	海浪	0	0	-1	-1	0	1	0	-1
257	04000008.par	爆头道具释放发射	海浪	0	0	-2	-1	0	1	0	-1
258	01020013(a).par	爆头命中	海浪	0	0	-1	-1	0	1	0	-1
259	01040007.par	手狙道具持续	海浪	0	0	-1	-1	0	1	0	-1
260	04000011.par	手狙道具释放发射	海浪	0	0	-2	-1	0	1	0	-1
261	01020013(b).par	手狙命中	海浪	0	0	-1	-1	0	1	0	-1
262	spurtice.par	雪女喷霜	海浪	0	0	-2	-1	0	1	0	-1
263	01060008.par	龟王起浪受击	海浪	0	0	-2	-1	0	1	0	-1
264	01060006.par	遗迹守护者受击	海浪	0	0	-2	-1	0	1	0	-1
265	cowfire.par	贝壳冲击波	海浪	0	0	-2	-1	0	1	0	-1
266	cowdust.par	贝壳冲击尘土	海浪	0	0	-2	-1	0	1	0	-1
267	cowtarget.par	贝壳冲击受击	海浪	0	0	-2	-1	0	1	0	-1
268	spagh.par	回复温泉地面持续	海浪	0	0	-1	-1	0	1	0	-1
269	strik.par	雷击释放	海浪	0	0	-1	-1	0	1	0	-1
270	strhurt.par	雷击受击	海浪	0	0	-2	-1	0	1	0	-1
271	strc.par	雷击持续	海浪	0	0	-1	-1	0	1	0	-1
272	wind.par	飓风释放	海浪	0	0	-1	-1	0	1	0	-1
273	whurt.par	飓风命中	海浪	0	0	-1	-1	0	1	0	-1
274	windc.par	飓风持续	海浪	0	0	-1	-1	0	1	0	-1
275	aglef.par	海藻放	海浪	0	0	-1	-1	0	1	0	-1
276	agle.par	海藻命中	海浪	0	0	-2	-1	0	1	0	-1
277	aglec.par	海藻持m	海浪	0	0	-1	-1	0	1	0	-1
278	eddy.par	漩u放	海浪	0	0	-2	-1	0	1	0	-1
279	eddyhurt.par	漩u命中	海浪	0	0	-2	-1	0	1	0	-1
280	eddyc.par	漩u持m	海浪	0	0	-2	-1	0	1	0	-1
281	fog.par	迷F放	海浪	0	0	-1	-1	0	1	0	-1
282	foghurt.par	迷F命中	海浪	0	0	-2	-1	0	1	0	-1
283	fogc.par	迷F持m	海浪	0	0	-1	-1	0	1	0	-1
284	cannon01.par	普通h放	海浪	0	0	-2	-1	0	1	0	-1
285	obey.par	L放	海浪	0	0	-2	-1	0	1	0	-1
286	obeyhurt.par	L命中	海浪	0	0	-1	-1	0	1	0	-1
287	obeyc.par	L持m	海浪	0	0	-1	-1	0	1	0	-1
288	levin.par	雷幕放	海浪	0	0	-2	-1	0	1	0	-1
289	levinh.par	雷幕命中	海浪	0	0	-2	-1	0	1	0	-1
290	levinc.par	雷幕地面命中	海浪	0	0	-2	-1	0	1	0	-1
291	00000004.par	风区	海浪	0	0	-2	-1	0	1	0	-1
292	00000006.par	雷区	海浪	0	0	-2	-1	0	1	0	-1
293	00000005.par	雾区	海浪	0	0	-2	-1	0	1	0	-1
294	tiger.par	虎啸释放	海浪	0	0	-1	-1	0	1	0	-1
295	tigerc.par	虎啸持续	海浪	0	0	-1	-1	0	1	0	-1
296	icearrow.par	冰箭释放	海浪	0	0	-1	-1	0	1	0	-1
297	icearrowc.par	冰箭持续	海浪	0	0	-1	-1	0	1	0	-1
298	parrow.par	毒箭释放	海浪	0	0	-1	-1	0	1	0	-1
299	stoneshieldi.par	石盾释放	海浪	0	0	-1	-1	0	1	0	-1
300	stoneshieldt.par	石盾命中	海浪	0	0	-1	-1	0	1	0	-1
301	shijia.par	石盾持续	海浪	0	0	-1	-1	0	1	0	-1
302	rousec.par	奋起持续	海浪	0	0	-1	-1	0	1	0	-1
303	rouse.par	奋起释放	海浪	0	0	-1	-1	0	1	0	-1
304	shield.par	破甲释放	海浪	0	0	-1	-1	0	1	0	-1
305	shieldh.par	破甲命中	海浪	0	0	-1	-1	0	1	0	-1
306	pojia.par	破甲持续	海浪	0	0	-1	-1	0	1	0	-1
307	steel.par	钢铁意志释放	海浪	0	0	-1	-1	0	1	0	-1
308	toil.par	捕鱼释放	海浪	0	0	-1	-1	0	1	0	-1
309	toilh.par	打捞沉船	海浪	0	0	-1	-1	0	1	0	-1
310	iron.par	打捞释放	海浪	0	0	-1	-1	0	1	0	-1
311	01050038.par	守护天使释放	海浪	0	0	10	-1	0	1	0	-1
312	01050041.par	女神思念体释放	海浪	0	0	-1	-1	0	1	0	-1
313	01050042.par	女神思念体释放	海浪	0	0	-1	-1	0	1	0	-1
314	01050045.par	女神思念体命中	海浪	0	0	-2	-1	0	1	0	-1
315	cannon04.par	普通炮弹2	海浪	0	0	-1	-1	0	1	0	-1
316	cannon02.par	普通炮弹1	海浪	0	0	-1	-1	0	1	0	-1
317	cxsw1.par	死亡嘲笑释放	海浪	0	0	-1	-1	0	1	0	-1
318	cxsw2.par	死亡嘲笑命中	海浪	0	0	-1	-1	0	1	0	-1
319	cxsw3.par	死亡嘲笑持续	海浪	0	0	-1	-1	0	1	0	-1
320	xn.par	血怒释放	海浪	0	0	-1	-1	0	1	0	-1
321	xncx.par	血怒持续	海浪	0	0	-1	-1	0	1	0	-1
322	xnjz.par	血怒命中	海浪	0	0	-1	-1	0	1	0	-1
323	nbjz.par	泥巴命中	海浪	0	0	-1	-1	0	1	0	-1
324	nbcx.par	泥巴持续	海浪	0	0	-1	-1	0	1	0	-1
325	dzsf.par	地震释放	海浪	0	0	-1	-1	0	1	0	-1
326	dzmz.par	地震命中	海浪	0	0	-1	-1	0	1	0	-1
327	bwsf.par	冰吻释放	海浪	0	0	-1	-1	0	1	0	-1
328	bwsj.par	冰吻受击	海浪	0	0	-1	-1	0	1	0	-1
329	bwcx.par	冰吻持续	海浪	0	0	-1	-1	0	1	0	-1
330	frsf.par	风刃释放	海浪	0	0	-1	-1	0	1	0	-1
331	frsfb.par	风刃释放b	海浪	0	0	-1	-1	0	1	0	-1
332	frsj.par	风刃受击	海浪	0	0	-1	-1	0	1	0	-1
333	mosterlight.par	巨人首领刀光	海浪	0	0	-1	-1	0	1	0	-1
334	stars.par	剪发成功	海浪	0	0	-1	-1	0	1	0	-1
335	starsb.par	剪发失败	海浪	0	0	-1	-1	0	1	0	-1
336	cfsf.par	嘲讽释放	海浪	0	0	-1	-1	0	1	0	-1
337	cfsj.par	嘲讽受击	海浪	0	0	-1	-1	0	1	0	-1
338	pxsf.par	咆哮释放	海浪	0	0	-1	-1	0	1	0	-1
339	sgfire.par	上古BOSS绿火释放	海浪	0	0	-1	-1	0	1	0	-1
340	sgbjg.par	上古BOSS激光释放	海浪	0	0	-1	-1	0	1	0	-1
341	sgfiremz.par	上古BOSS绿火命中	海浪	0	0	-1	-1	0	1	0	-1
342	pkkp.par	PK炮塔开炮	海浪	0	0	-1	-1	0	1	0	-1
343	mfbda.par	魔法暴动持续	海浪	0	0	-1	-1	0	1	0	-1
344	mfbdb.par	魔法暴动释放	海浪	0	0	-1	-1	0	1	0	-1
345	jlcg.par	精炼成功	海浪	0	0	-1	-1	0	1	0	-1
346	jlsb.par	精炼失败	海浪	0	0	-1	-1	0	1	0	-1
347	corpse.par	僵尸普通攻击	海浪	0	0	-2	-1	0	1	0	-1
348	corpse2jq.par	僵尸攻击聚气	海浪	0	0	-1	-1	0	1	0	-1
349	corpse2.par	僵尸攻击释放	海浪	0	0	-1	-1	0	1	0	-1
350	hdrmf.par	狐道士魔法释放	海浪	0	0	-1	-1	0	1	0	-1
351	hdrmffx.par	狐道士魔法飞行	海浪	0	0	-1	-1	0	1	0	-1
352	hymf.par	狐妖魔法释放	海浪	0	0	-1	-1	0	1	0	-1
353	hymffx.par	狐妖魔法飞行	海浪	0	0	-1	-1	0	1	0	-1
354	ilui.par	i	海浪	0	0	-1	-1	0	1	0	-1
355	ilul.par	love	海浪	0	0	-1	-1	0	1	0	-1
356	iluu.par	u	海浪	0	0	-1	-1	0	1	0	-1
357	iluwo.par	我	海浪	0	0	-1	-1	0	1	0	-1
358	iluai.par	爱	海浪	0	0	-1	-1	0	1	0	-1
359	iluni.par	你	海浪	0	0	-1	-1	0	1	0	-1
360	denglong.par	灯笼	海浪	0	0	-1	-1	0	1	0	-1
361	yanhua.par	烟火a1	海浪	0	0	-1	-1	0	1	0	-1
362	yanhuaa.par	烟火a2	海浪	0	0	-1	-1	0	1	0	-1
363	yanhuae.par	烟火a3	海浪	0	0	-1	-1	0	1	0	-1
364	yanhuared.par	烟火b1	海浪	0	0	-1	-1	0	1	0	-1
365	yanhuaared.par	烟火b2	海浪	0	0	-1	-1	0	1	0	-1
366	yanhuaered.par	烟火b3	海浪	0	0	-1	-1	0	1	0	-1
367	yanhuablue.par	烟火c1	海浪	0	0	-1	-1	0	1	0	-1
368	yanhuaablue.par	烟火c2	海浪	0	0	-1	-1	0	1	0	-1
369	yanhuaeblue.par	烟火c3	海浪	0	0	-1	-1	0	1	0	-1
370	ilu.par	好爱你啊	海浪	0	0	-1	-1	0	1	0	-1
371	mh.par	狐妖魔法魅惑	海浪	0	0	-1	-1	0	1	0	-1
372	hxsf.par	狐仙魔法释放	海浪	0	0	-1	-1	0	1	0	-1
373	hxhl.par	狐仙葫芦释放	海浪	0	0	-1	-1	0	1	0	-1
374	tt.par	图腾攻击释放	海浪	0	0	-1	-1	0	1	0	-1
375	qzmf.par	酋长魔法	海浪	0	0	-1	-1	0	1	0	-1
376	icedragonhit01.par	冰龙1受击	海浪	0	0	-1	-1	0	1	0	-1
377	icedragonhit02.par	冰龙2受击	海浪	0	0	-1	-1	0	1	0	-1
378	xr2.par	蟹绒持续	海浪	0	0	-1	-1	0	1	0	-1
379	kj.par	黑龙恐惧	海浪	0	0	-1	-1	0	1	0	-1
380	bhsd.par	冰河时代	海浪	0	0	-1	-1	0	1	0	-1
											
381	hlsw.par	狐狸死亡	海浪	0	0	6	-1	0	1	0	-1
382	hfjd.par	基地红死亡	海浪	0	0	6	-1	0	1	0	-1
383	lfjd.par	基地蓝死亡	海浪	0	0	6	-1	0	1	0	-1
384	pkpt.par	PK炮台红死亡	海浪	0	0	6	-1	0	1	0	-1
385	pkptb.par	PK炮台蓝死亡	海浪	0	0	6	-1	0	1	0	-1
386	zp.par	帐篷红死亡	海浪	0	0	6	-1	0	1	0	-1
387	zpb.par	帐篷蓝死亡	海浪	0	0	6	-1	0	1	0	-1
388	xmb.par	小卖部红死亡	海浪	0	0	6	-1	0	1	0	-1
389	xmbb.par	小卖部蓝死亡	海浪	0	0	6	-1	0	1	0	-1
390	slbz.par	水雷爆炸	海浪	0	0	6	-1	0	1	0	-1
391	ptbz.par	炮台死亡	海浪	0	0	6	-1	0	1	0	-1
392	01050021.par	铁匠火星	海浪	0	0	6	-1	0	1	0	-1
393	01060003.par	小冰龙死亡	海浪	0	0	-1	-1	0	1	0	-1
394	01060004.par	守卫死亡	海浪	0	0	-1	-1	0	1	0	-1
395	01060002.par	冰龙死亡	海浪	0	0	-1	-1	0	1	0	-1
396	01060005.par	食人花	海浪	0	0	-1	-1	0	1	0	-1
397	01060001.par	火灵	海浪	0	0	-1	-1	0	1	0	-1
398	ghost.par	npc死亡	海浪	0	0	-1	-1	0	1	0	-1
399	born.par	npc出生	海浪	0	0	-1	-1	0	1	0	-1
400	03000001.par	雷霆法帐	海浪	3	0	4	-1	0	0	0	-1
401	03000002.par	生命之光	海浪	3	0	4	-1	0	0	0	-1
402	03000003.par	魔法棒	海浪	3	0	4	-1	0	0	0	-1
403	redstone01.par	红宝石1	海浪	3	0	4,5	-1	0	0	0	-1
404	redstone02.par	红宝石2	海浪	3	0	4	-1	0	0	0	-1
405	redstone03.par	红宝石3	海浪	3	0	4	-1	0	0	0	-1
406	bluestone01.par	蓝宝石1	海浪	3	0	4,5	-1	0	0	0	-1
407	bluestone02.par	蓝宝石2	海浪	3	0	4	-1	0	0	0	-1
408	bluestone03.par	蓝宝石3	海浪	3	0	4	-1	0	0	0	-1
409	yellowstone01.par	黄宝石1	海浪	3	0	4,5	-1	0	0	0	-1
410	yellowstone02.par	黄宝石2	海浪	3	0	4	-1	0	0	0	-1
411	yellowstone03.par	黄宝石3	海浪	3	0	4	-1	0	0	0	-1
412	refinestone.par	精炼石	海浪	3	0	4	-1	0	0	0	-1
413	jinbi.par	金币	海浪	3	0	4	-1	0	0	0	-1
414	zhaohuan2.par	召唤宠物	海浪	0	0	2	-1	0	1	0	-1
415	jst.par	减速塔	海浪	0	0	10	-1	0	1	0	-1
416	xmt.par	吸魔塔	海浪	0	0	10	-1	0	1	0	-1
417	szz.par	双子特效	海浪	0	0	-1	-1	0	1	0	-1
418	szgj.par	双子攻击	海浪	0	0	-1	-1	0	1	0	-1
419	jiaxue.par	双子加血	海浪	0	0	-1	-1	0	1	0	-1
450	01050009.par	机器人黑烟	海浪	1	0	16,17	-1	0	0	0	-1
451	01050006.par	半兽人烟	海浪	1	0	5	-1	0	0	0	-1
452	01050001.par	奔奔驼尘	海浪	1	0	4,5	-1	0	0	0	-1
453	01050001.par	沙骑兵尘	海浪	1	0	5,6	-1	0	0	0	-1
454	01050007.par	水精灵	海浪	1	0	1	-1	0	0	0	-1
455	01050010.par	千年女尸	海浪	1	0	6,9	-1	0	0	0	-1
456	01050005.par	南瓜人火	海浪	1	0	7,8	-1	0	0	0	-1
457	01050005_1.par	南瓜人火	海浪	1	0	10	-1	0	0	0	-1
458	01050003.par	诅咒木尸	海浪	1	0	6	0	0	0	0	-1
459	01050001.par	沙匪	海浪	1	0	4,5	-1	0	0	0	-1
460	01050011.par	章鱼	海浪	1	0	2	-1	0	0	0	-1
461	01050012.par	翠鸟	海浪	1	0	2	-1	0	0	0	-1
462	01050013.par	火灵	海浪	1	0	10	-1	0	0	0	-1
463	01050014.par	精灵草	海浪	1	0	0	-1	0	0	0	-1
464	01050016.par	法王火球	海浪	1	0	4,5,17,9	-1	0	0	0	-1
465	01050017.par	冰龙	海浪	1	0	1,2,3,4,6,7,9	-1	0	0	0	-1
466	01050019.par	鼹鼠灯光	海浪	1	0	10	-1	0	0	0	-1
467	01050015.par	精灵花	海浪	1	0	0	-1	0	0	0	-1
468	zone.par	zone	海浪	0	0	0	-1	0	0	0	-1
469	01050020.par	傻蟹小兵	海浪	1	0	0	-1	0	0	0	-1
470	01050018.par	小冰龙	海浪	1	0	1,2,3	-1	0	0	0	-1
471	01050031.par	阿努比斯	海浪	1	0	10	-1	0	0	0	-1
472	01050029.par	梦魇	海浪	1	0	5,8,12,15,4,7,16,17	-1	0	0	0	-1
473	01050022.par	雪地精灵草	海浪	1	0	0	-1	0	0	0	-1
474	01050023.par	橙色精灵草	海浪	1	0	0	-1	0	0	0	-1
475	01050024.par	红色精灵草	海浪	1	0	0	-1	0	0	0	-1
476	01050025.par	黄色精灵草	海浪	1	0	0	-1	0	0	0	-1
477	01050026.par	蓝色精灵草	海浪	1	0	0	-1	0	0	0	-1
478	01050027.par	紫色精灵草	海浪	1	0	0	-1	0	0	0	-1
479	01050028.par	千年精灵草	海浪	1	0	0	-1	0	0	0	-1
480	shuimu01.par	暴风水母	海浪	1	0	1	-1	0	0	0	-1
481	shuimu02.par	闪电水母	海浪	1	0	1	-1	0	0	0	-1
482	01050030.par	暗影猎手	海浪	1	0	4,5	-1	0	0	0	-1
483	01050032.par	食人蜘蛛	海浪	1	0	4	-1	0	0	0	-1
484	01050035.par	雪女	海浪	1	0	3	-1	0	0	0	-1
485	01050033.par	雪女	海浪	1	0	0	-1	0	0	0	-1
486	01050034.par	南瓜将军	海浪	1	0	4	-1	0	0	0	-1
487	01050034.par	泥浆怪	海浪	1	0	7,8	-1	0	0	0	-1
488	01050036.par	守护天使	海浪	1	0	-1	-1	0	0	0	-1
489	01050037.par	恐怖努比	海浪	1	0	13	-1	0	0	0	-1
490	01050043.par	女神思念体	海浪	1	0	-1	-1	0	0	0	-1
491	shiphurt01.par	船只HP不足1	海浪	1	0	4	-1	0	0	0	-1
492	shiphurt02.par	船只HP不足2	海浪	1	0	4	-1	0	0	0	-1
493	shiphurt03.par	船只HP不足3	海浪	1	0	4	-1	0	0	0	-1
494	seazone.par	海上传送门	海浪	0	0	4	-1	0	0	0	-1
495	pkhp1.par	PK建筑HP不足1	海浪	1	0	1	-1	0	0	0	-1
496	pkhp2.par	PK建筑HP不足2	海浪	1	0	1	-1	0	0	0	-1
497	pkhp3.par	PK建筑HP不足3	海浪	1	0	1	-1	0	0	0	-1
498	vipwings01.par	黑色翅膀	海浪	1	0	24	-1	0	0	0	-1
499	vipwings02.par	黑色翅膀	海浪	1	0	24	-1	0	0	0	-1
500	vipwings03.par	黑色翅膀	海浪	1	0	24	-1	0	0	0	-1
501	anwing1.par	天使翅膀	海浪	1	0	24	-1	0	0	0	-1
502	anwing2.par	天使翅膀	海浪	1	0	24	-1	0	0	0	-1
503	anwing3.par	天使翅膀	海浪	1	0	24	-1	0	0	0	-1
504	rozen.par	玫瑰	海浪	1	0	25	-1	0	0	0	-1
505	elf.par	光之精灵	海浪	1	0	-1	-1	0	0	0	-1
506	ballelf.par	黄色球精灵	海浪	1	0	-1	-1	0	0	0	-1
507	ballelf2.par	绿色球精灵	海浪	1	0	-1	-1	0	0	0	-1
508	elfgreen.par	绿精灵	海浪	1	0	-1	-1	0	0	0	-1
509	elfgreen2.par	红精灵	海浪	1	0	-1	-1	0	0	0	-1
510	xdelf.par	咸蛋绿精灵	海浪	1	0	-1	-1	0	0	0	-1
511	xdelf2.par	咸蛋兰精灵	海浪	1	0	-1	-1	0	0	0	-1
512	eggelf.par	包菜绿精灵	海浪	1	0	-1	-1	0	0	0	-1
513	eggelf2.par	黄包菜精灵	海浪	1	0	-1	-1	0	0	0	-1
514	gelf.par	幽灵精灵	海浪	1	0	-1	-1	0	0	0	-1
515	gelf2.par	幽灵精灵2	海浪	1	0	-1	-1	0	0	0	-1
516	zzshjl1.par	鹦鹉精灵1	海浪	1	0	-1	-1	0	0	0	-1
517	zzshjl2.par	鹦鹉精灵2	海浪	1	0	-1	-1	0	0	0	-1
518	fjlxiao.par	小不点精灵	海浪	1	0	-1	-1	3	0	0	-1
519	ejl1.par	著二	海浪	1	0	-1	-1	3	0	0	-1
520	ejl2.par	蛮力	海浪	1	0	-1	-1	3	0	0	-1
521	ejl3.par	嗜血	海浪	1	0	-1	-1	3	0	0	-1
522	ejl4.par	反击	海浪	1	0	-1	-1	3	0	0	-1
523	ejl5.par	荆棘	海浪	1	0	-1	-1	3	0	0	-1
524	ejl6.par	破甲	海浪	1	0	-1	-1	3	0	0	-1
525	ejl7.par	招架	海浪	1	0	-1	-1	3	0	0	-1
526	fjlxiao1.par	小不点精灵2	海浪	1	0	-1	-1	3	0	0	-1
527	futi1.par	新精灵特效1	海浪	1	0	-1	-1	3	0	0	-1
528	futi2.par	新精灵特效2	海浪	1	0	-1	-1	3	0	0	-1
529	futi3.par	新精灵特效3	海浪	1	0	-1	-1	3	0	0	-1
530	futi4.par	新精灵特效4	海浪	1	0	-1	-1	3	0	0	-1
531	futi5.par	新精灵特效5	海浪	1	0	-1	-1	3	0	0	-1
532	futi6.par	新精灵特效6	海浪	1	0	-1	-1	3	0	0	-1
533	futi7.par	新精灵特效7	海浪	1	0	-1	-1	3	0	0	-1
534	futi8.par	新精灵特效8	海浪	1	0	-1	-1	3	0	0	-1
535	ragetest.par	阴影圆	海浪	0	0	-1	-1	0	1	0	-1
536	zhizhen.par	阴影针	海浪	0	0	-1	-1	0	1	0	-1
537	chigirl1a.par	转生菲1	海浪	1	0	24	-1	0	0	0	-1
538	chigirl1b.par	转生菲2	海浪	1	0	24	-1	0	0	0	-1
539	chigirl1c.par	转生菲3	海浪	1	0	24	-1	0	0	0	-1
540	chigirl2a.par	转生艾1	海浪	1	0	24	-1	0	0	0	-1
541	chigirl2b.par	转生艾2	海浪	1	0	24	-1	0	0	0	-1
542	chigirl2c.par	转生艾3	海浪	1	0	24	-1	0	0	0	-1
543	chiman1a.par	转生蓝1	海浪	1	0	24	-1	0	0	0	-1
544	chiman1b.par	转生蓝2	海浪	1	0	24	-1	0	0	0	-1
545	chiman1c.par	转生蓝3	海浪	1	0	24	-1	0	0	0	-1
546	chiman2a.par	转生卡1	海浪	1	0	24	-1	0	0	0	-1
547	chiman2b.par	转生卡2	海浪	1	0	24	-1	0	0	0	-1
548	chiman2c.par	转生卡3	海浪	1	0	24	-1	0	0	0	-1
549	hlcb.par	黑龙艾	海浪	1	0	24	-1	0	0	0	-1
550	chcb.par	彩虹艾	海浪	1	0	24	-1	0	0	0	-1
551	hl_crab.par	巨蟹吹泡泡	海浪	1	0	24	-1	0	0	0	-1
552	ilovedad.par	ilovedad项链	海浪	0	0	-1	-1	0	1	0	-1
553	10130025.par	商城道具	海浪	0	0	-1	-1	0	1	0	-1
554	10110005.par	商城帽子	海浪	0	0	-1	-1	0	1	0	-1
555	10110006.par	商城衣服	海浪	0	0	-1	-1	0	1	0	-1
556	10110007.par	商城鞋子	海浪	0	0	-1	-1	0	1	0	-1
557	10110008.par	商城手套	海浪	0	0	-1	-1	0	1	0	-1
558	10100014.par	商城单手剑	海浪	0	0	-1	-1	0	1	0	-1
559	10100015.par	商城双手剑	海浪	0	0	-1	-1	0	1	0	-1
560	10100016.par	商城弓	海浪	0	0	-1	-1	0	1	0	-1
561	10100017.par	商城枪	海浪	0	0	-1	-1	0	1	0	-1
562	10100018.par	商城杖	海浪	0	0	-1	-1	0	1	0	-1
563	10130026.par	商城宝箱	海浪	0	0	-1	-1	0	1	0	-1
564	mct.par	圣诞烟花	海浪	0	0	-1	-1	0	1	0	-1
565	hny.par	新年烟花	海浪	0	0	-1	-1	0	1	0	-1
566	sdlr.par	圣诞老人烟花	海浪	0	0	-1	-1	0	1	0	-1
567	lulu.par	雪橇烟花	海浪	0	0	-1	-1	0	1	0	-1
568	wazi.par	袜子烟花	海浪	0	0	-1	-1	0	1	0	-1
569	xrsw.par	雪人死亡	海浪	0	0	-1	-1	0	1	0	-1
570	sds.par	圣诞树发光	海浪	0	0	-1	-1	0	1	0	-1
571	xsds.par	小圣诞树发光	海浪	0	0	-1	-1	0	1	0	-1
572	fyyf.par	85BB封印印符特效	海浪	0	0	-1	-1	0	1	0	-1
573	hhyf.par	85BB航海印符特效	海浪	0	0	-1	-1	0	1	0	-1
574	jjyf.par	85BB巨剑印符特效	海浪	0	0	-1	-1	0	1	0	-1
575	lryf.par	85BB猎人印符特效	海浪	0	0	-1	-1	0	1	0	-1
576	sjyf.par	85BB双剑印符特效	海浪	0	0	-1	-1	0	1	0	-1
577	szyf.par	85BB圣职印符特效	海浪	0	0	-1	-1	0	1	0	-1
578	xzdll.par	心中的力量	海浪	0	0	-1	-1	0	1	0	-1
579	huota.par	圣火台	海浪	0	0	-1	-1	0	1	0	-1
580	huoju.par	火炬	海浪	0	0	-1	-1	0	1	0	-1
581	anwing4.par	悲gx合之翼(天{色)	海浪	0	0	-1	-1	0	1	0	-1
582	anwing5.par	I Love HK之翼（血t色）	海浪	0	0	-1	-1	0	1	0	-1
583	lianhua.par	95bb套连花	海浪	0	0	-1	-1	0	1	0	-1
584	zhaohuan.par	召唤	海浪	0	0	-1	-1	0	1	0	-1
585	fzr.par	风之刃	海浪	0	0	-1	-1	0	1	0	-1
586	huoqius2.par	火球命中	海浪	0	0	-1	-1	0	1	0	-1
587	huoqiuf2.par	火球释放	海浪	0	0	-1	-1	0	1	0	-1
588	bingqius.par	冰球命中	海浪	0	0	-1	-1	0	1	0	-1
589	bingqiuf.par	冰球释放	海浪	0	0	-1	-1	0	1	0	-1
590	fzrmz.par	风之刃命中	海浪	0	0	-1	-1	0	1	0	-1
591	ttdan.par	精灵蛋	海浪	1	0	-1	-1	0	0	0	-1
592	qingbao.par	情报文件	海浪	0	0	-1	-1	0	1	0	-1
593	baiyang.par	白羊	海浪	1	0	-1	-1	3	0	0	-1
594	jinniu.par	金牛座	海浪	1	0	-1	-1	3	0	0	-1
595	shuangzi.par	双子座	海浪	1	0	-1	-1	3	0	0	-1
596	juxie.par	巨蟹座	海浪	1	0	-1	-1	3	0	0	-1
597	shizi.par	狮子	海浪	1	0	-1	-1	3	0	0	-1
598	chunv.par	处女	海浪	1	0	-1	-1	3	0	0	-1
599	tianpin.par	天平	海浪	1	0	-1	-1	3	0	0	-1
600	tianxie.par	天蝎	海浪	1	0	-1	-1	3	0	0	-1
601	sheshou.par	射手	海浪	1	0	-1	-1	3	0	0	-1
602	shanyang.par	摩羯	海浪	1	0	-1	-1	3	0	0	-1
603	shuiping.par	水瓶	海浪	1	0	-1	-1	3	0	0	-1
604	shuangyu.par	双鱼	海浪	1	0	-1	-1	3	0	0	-1
											
											
800	icedragonready01.par	小冰龙冰冻	海浪	1	0	1	-1	0	1	0	-1
801	icedragonready02.par	冰龙扇形冷气攻击	海浪	1	0	1	-1	0	1	0	-1
802	sd.par	木尸法王尸毒	海浪	1	0	1	-1	0	1	0	-1
803	lx.par	黑龙龙息	海浪	1	0	1	-1	0	1	0	-1
804	ly.par	黑龙龙翼	海浪	1	0	1	-1	0	1	0	-1
805	xzsb1.par	机械巨兵1	海浪	1	0	-1	-1	0	1	0	-1
806	xzsb2.par	机械巨兵2	海浪	1	0	-1	-1	0	1	0	-1
807	mhcx.par	魅惑持续	海浪	0	0	-1	-1	0	1	0	-1
808	hld.par	龙明	海浪	0	0	-1	-1	0	1	0	-1
809	sun.par	太阳表情	海浪	0	0	-1	-1	0	1	0	-1
810	cloud.par	阴天表情	海浪	0	0	-1	-1	0	1	0	-1
811	snowface.par	雪表情	海浪	0	0	-1	-1	0	1	0	-1
812	starface.par	星表情	海浪	0	0	-1	-1	0	1	0	-1
813	rain.par	雨表情	海浪	0	0	-1	-1	0	1	0	-1
814	cnsun.par	多云表情	海浪	0	0	-1	-1	0	1	0	-1
815	kulouface.par	骷髅表情	海浪	0	0	-1	-1	0	1	0	-1
816	caihong.par	彩虹表情	海浪	0	0	-1	-1	0	1	0	-1
817	angelface.par	天使表情	海浪	0	0	-1	-1	0	1	0	-1
818	devilface.par	恶魔表情	海浪	0	0	-1	-1	0	1	0	-1
											
820	fjl801.par	8月精灵1	海浪	0	0	-1	-1	0	1	0	-1
821	fjl802.par	8月精灵2	海浪	0	0	-1	-1	0	1	0	-1
822	fjl803.par	8月精灵3	海浪	0	0	-1	-1	0	1	0	-1
823	fjl804.par	8月精灵4	海浪	0	0	-1	-1	0	1	0	-1
824	fcb01.par	8月翅膀1	海浪	0	0	-1	-1	0	1	0	-1
825	fcb02.par	8月翅膀2	海浪	0	0	-1	-1	0	1	0	-1
826	fcb03.par	8月翅膀3	海浪	0	0	-1	-1	0	1	0	-1
827	fcb04.par	8月翅膀4	海浪	0	0	-1	-1	0	1	0	-1
828	ftiger1.par	老虎机普通特效	海浪	0	0	-1	-1	0	1	0	-1
829	ftiger2.par	老虎机大奖特效	海浪	0	0	-1	-1	0	1	0	-1
830	fzdabian.par	大便特效	海浪	0	0	-1	-1	0	1	0	-1
831	fzduanku.par	短裤特效	海浪	0	0	-1	-1	0	1	0	-1
832	fzxiongzhao.par	胸罩特效	海浪	0	0	-1	-1	0	1	0	-1
833	fzqian.par	落钱特效	海浪	0	0	-1	-1	0	1	0	-1
834	fzzi1.par	我是白痴	海浪	0	0	-1	-1	0	1	0	-1
835	fzzi2.par	都来鄙视我	海浪	0	0	-1	-1	0	1	0	-1
836	fzzi3.par	我是骗子	海浪	0	0	-1	-1	0	1	0	-1
837	fzzi4.par	见过我这么傻的吗	海浪	0	0	-1	-1	0	1	0	-1
838	yanhuoju.par	烟花菊花	海浪	0	0	-1	-1	0	1	0	-1
839	yanhuox.par	烟花x	海浪	0	0	-1	-1	0	1	0	-1
840	xiaohua.par	手拿烟花	海浪	0	0	-1	-1	0	1	0	-1
880	binghuan.par	冰环	海浪	0	0	-1	-1	0	1	0	-1
881	bdicess.par	小黑龙虎啸释放	海浪	0	0	-1	-1	0	1	0	-1
882	bdiceaa.par	小黑龙虎啸命中	海浪	0	0	-1	-1	0	1	0	-1
883	bdlightss.par	小黑龙雷击释放	海浪	0	0	-1	-1	0	1	0	-1
885	bdlightaa.par	小黑龙雷击命中	海浪	0	0	-1	-1	0	1	0	-1
886	bdwindss.par	小黑龙幻影斩释放	海浪	0	0	-1	-1	0	1	0	-1
887	bdlightaft.par	小黑龙雷击持续	海浪	0	0	-1	-1	1	1	0	-1
888	bdwindaa.par	小黑龙幻影斩命中	海浪	0	0	-1	-1	0	1	0	-1
889	zzfbfs.par	黑龙炎球释放	海浪	0	0	-1	-1	0	1	0	-1
891	zzfbfa.par	黑龙炎球命中	海浪	0	0	-1	-1	0	1	0	-1
892	zzfbfat.par	黑龙炎球地面	海浪	0	0	-1	-1	0	1	0	-1
893	bdsummon.par	黑龙召唤	海浪	0	0	-1	-1	1	1	0	-1
894	bdiceaft.par	小黑龙虎啸持续	海浪	0	0	-1	-1	1	1	0	-1
895	aoyunhuoju.par	火焰	海浪	0	0	0	-1	0	0	0	-1
900	fcansmoke2.par	燃烧弹持续	海浪	0	0	-1	-1	0	1	0	-1
901	fshock1.par	击晕释放	海浪	0	0	-1	-1	0	1	0	-1
902	fshocka1.par	击晕命中	海浪	0	0	-1	-1	0	1	0	-1
903	flaserss.par	激光束释放	海浪	0	0	-1	-1	0	1	0	-1
904	flaseraa.par	激光束命中	海浪	0	0	-1	-1	0	1	0	-1
905	fguns1.par	火枪释放	海浪	0	0	-1	-1	0	1	0	-1
906	fsummon.par	召唤释放	海浪	0	0	-1	-1	0	1	0	-1
907	fblowupaa.par	远程爆破命中	海浪	0	0	-1	-1	0	1	0	-1
908	fsmokeaa.par	烟雾攻击命中	海浪	0	0	-1	-1	0	1	0	-1
909	fgunaa.par	火枪命中	海浪	0	0	-1	-1	0	1	0	-1
910	fboness.par	骷髅缠身释放	海浪	0	0	-1	-1	0	1	0	-1
911	fflashss.par	异灵移动	海浪	0	0	-1	-1	0	1	0	-1
912	fshieldss.par	骷髅护盾	海浪	0	0	-1	-1	0	1	0	-1
913	fslashss.par	乱砍	海浪	0	0	-1	-1	0	1	0	-1
914	fbellowss.par	怒吼	海浪	0	0	-1	-1	0	1	0	-1
915	fjestss.par	嘲笑	海浪	0	0	-1	-1	0	1	0	-1
916	fbloodaa.par	诅咒之血命中	海浪	0	0	-1	-1	0	1	0	-1
917	fmoonss.par	月光恢复	海浪	0	0	-1	-1	0	1	0	-1
918	fspireaa.par	旋涡	海浪	0	0	-1	-1	0	1	0	-1
919	fboomerff.par	炸弹投掷命中	海浪	0	0	-1	-1	0	1	0	-1
920	fbloodhh.par	诅咒之血持续	海浪	0	0	-1	-1	0	1	0	-1
921	fbonehh.par	骷髅缠身持续	海浪	0	0	-1	-1	0	1	0	-1
922	fspeedhh.par	加速持续	海浪	0	0	-1	-1	0	1	0	-1
923	fdeathaa.par	邪恶攻击命中	海浪	0	0	-1	-1	0	1	0	-1
924	fwateraa.par	水箭命中	海浪	0	0	-1	-1	0	1	0	-1
925	fbloodss.par	诅咒之血释放	海浪	0	0	-1	-1	0	1	0	-1
926	fjesthh.par	嘲笑持续	海浪	0	0	-1	-1	0	1	0	-1
927	bloods.par	鞋子飞血	海浪	0	0	-1	-1	0	1	0	-1
928	snball.par	小雪球命中	海浪	0	0	-1	-1	0	1	0	-1
929	ximota.par	吸魔命中	海浪	0	0	-1	-1	0	1	0	-1
930	shzhan.par	海军守护斩命中	海浪	0	0	-1	-1	0	1	0	-1
931	hdzhan.par	海盗守护斩命中	海浪	0	0	-1	-1	0	1	0	-1
932	shihua.par	石化命中	海浪	0	0	-1	-1	0	1	0	-1
933	shihuaf.par	石化释放	海浪	0	0	-1	-1	0	1	0	-1
934	cangying.par	苍蝇	海浪	0	0	-1	-1	0	1	0	-1
935	shensheng.par	神圣审判	海浪	0	0	-1	-1	0	1	0	-1
936	youling.par	背后灵	海浪	0	0	-1	-1	0	1	0	-1
937	laji.par	意念	海浪	0	0	-1	-1	0	1	0	-1
938	bsj.par	百兽击	海浪	0	0	-1	-1	0	1	0	-1
939	wyzhan.par	无影斩	海浪	0	0	-1	-1	0	1	0	-1
940	hamhamha.par	哈密哈密哈	海浪	0	0	-1	-1	0	1	0	-1
941	shzhanfs.par	海军斩	海浪	0	0	-1	-1	0	1	0	-1
942	hdzhanfs.par	海盗斩	海浪	0	0	-1	-1	0	1	0	-1
943	binghuans.par	冰持续	海浪	0	0	-1	-1	0	1	0	-1
											
											
3000	jf004.par	法杖增益头1	海浪	1	0	1	-1	0	0	0	-1
3001	jf003.par	法杖增益头2	海浪	1	0	1	-1	0	0	0	-1
3002	jf002.par	法杖增益头3	海浪	1	0	1	-1	0	0	0	-1
3003	jf001.par	法杖增益头4	海浪	1	0	1	-1	0	0	0	-1
3010	jf000.par	法杖增益环空	海浪	1	0	1	-1	0	0	0	-1
3011	jf000.par	法杖增益环空	海浪	1	0	1	-1	0	0	0	-1
3012	jf000.par	法杖增益环空	海浪	1	0	1	-1	0	0	0	-1
3013	jf006.par	法杖增益环有	海浪	1	0	1	-1	0	0	0	-1
3020	jf000.par	法杖增益身体空	海浪	1	0	1	-1	0	0	0	-1
3021	jf005.par	法杖增益身体有	海浪	1	0	1	-1	0	0	0	-1
3022	jf005.par	法杖增益身体有	海浪	1	0	1	-1	0	0	0	-1
3023	jf005.par	法杖增益身体有	海浪	1	0	1	-1	0	0	0	-1
											
3030	jb01.par	巨剑攻击1	海浪	1	0	1	-1	0	0	0	-1
3031	jb02.par	巨剑攻击2	海浪	1	0	1	-1	0	0	0	-1
3032	jb03.par	巨剑攻击3	海浪	1	0	1	-1	0	0	0	-1
3033	jb04.par	巨剑攻击4	海浪	1	0	1	-1	0	0	0	-1
3040	jj01.par	单手剑攻击1	海浪	1	0	1	-1	0	0	0	-1
3041	jj02.par	单手剑攻击2	海浪	1	0	1	-1	0	0	0	-1
3042	jj03.par	单手剑攻击3	海浪	1	0	1	-1	0	0	0	-1
3043	jj04.par	单手剑攻击4	海浪	1	0	1	-1	0	0	0	-1
3050	js01.par	匕首攻击1	海浪	1	0	1	-1	0	0	0	-1
3051	js02.par	匕首攻击2	海浪	1	0	1	-1	0	0	0	-1
3052	js03.par	匕首攻击3	海浪	1	0	1	-1	0	0	0	-1
3053	js04.par	匕首攻击4	海浪	1	0	1	-1	0	0	0	-1
											
3060	jg01.par	枪攻击身体1	海浪	1	0	1	-1	0	0	0	-1
3061	jg01.par	枪攻击身体2	海浪	1	0	1	-1	0	0	0	-1
3062	jg02.par	枪攻击身体3	海浪	1	0	1	-1	0	0	0	-1
3063	jg03.par	枪攻击身体4	海浪	1	0	1	-1	0	0	0	-1
3070	jg04.par	枪攻击头1	海浪	1	0	1	-1	0	0	0	-1
3071	jg05.par	枪攻击头2	海浪	1	0	1	-1	0	0	0	-1
3072	jg06.par	枪攻击头3	海浪	1	0	1	-1	0	0	0	-1
3073	jg06.par	枪攻击头4	海浪	1	0	1	-1	0	0	0	-1
											
3080	jfb004.par	法杖防御头1	海浪	1	0	1	-1	0	0	0	-1
3081	jfb003.par	法杖防御头2	海浪	1	0	1	-1	0	0	0	-1
3082	jfb002.par	法杖防御头3	海浪	1	0	1	-1	0	0	0	-1
3083	jfb001.par	法杖防御头4	海浪	1	0	1	-1	0	0	0	-1
3090	jf000.par	法杖防御环空	海浪	1	0	1	-1	0	0	0	-1
3091	jf000.par	法杖防御环空	海浪	1	0	1	-1	0	0	0	-1
3092	jf000.par	法杖防御环空	海浪	1	0	1	-1	0	0	0	-1
3093	jf006.par	法杖防御环有	海浪	1	0	1	-1	0	0	0	-1
3100	jf000.par	法杖防御身体空	海浪	1	0	1	-1	0	0	0	-1
3101	jfb005.par	法杖防御身体有	海浪	1	0	1	-1	0	0	0	-1
3102	jfb005.par	法杖防御身体有	海浪	1	0	1	-1	0	0	0	-1
3103	jfb005.par	法杖防御身体有	海浪	1	0	1	-1	0	0	0	-1
											
3110	jfr004.par	法杖攻击头1	海浪	1	0	1	-1	0	0	0	-1
3111	jfr003.par	法杖攻击头2	海浪	1	0	1	-1	0	0	0	-1
3112	jfr002.par	法杖攻击头3	海浪	1	0	1	-1	0	0	0	-1
3113	jfr001.par	法杖攻击头4	海浪	1	0	1	-1	0	0	0	-1
3120	jf000.par	法杖攻击环空	海浪	1	0	1	-1	0	0	0	-1
3121	jf000.par	法杖攻击环空	海浪	1	0	1	-1	0	0	0	-1
3122	jf000.par	法杖攻击环空	海浪	1	0	1	-1	0	0	0	-1
3123	jf006.par	法杖攻击环有	海浪	1	0	1	-1	0	0	0	-1
3130	jf000.par	法杖攻击身体空	海浪	1	0	1	-1	0	0	0	-1
3131	jfr005.par	法杖攻击身体有	海浪	1	0	1	-1	0	0	0	-1
3132	jfr005.par	法杖攻击身体有	海浪	1	0	1	-1	0	0	0	-1
3133	jfr005.par	法杖攻击身体有	海浪	1	0	1	-1	0	0	0	-1
											
3140	jby01.par	巨剑增益1	海浪	1	0	1	-1	0	0	0	-1
3141	jby02.par	巨剑增益2	海浪	1	0	1	-1	0	0	0	-1
3142	jby03.par	巨剑增益3	海浪	1	0	1	-1	0	0	0	-1
3143	jby04.par	巨剑增益4	海浪	1	0	1	-1	0	0	0	-1
3150	jjy01.par	单手剑增益1	海浪	1	0	1	-1	0	0	0	-1
3151	jjy02.par	单手剑增益2	海浪	1	0	1	-1	0	0	0	-1
3152	jjy03.par	单手剑增益3	海浪	1	0	1	-1	0	0	0	-1
3153	jjy04.par	单手剑增益4	海浪	1	0	1	-1	0	0	0	-1
3160	jsy01.par	匕首增益1	海浪	1	0	1	-1	0	0	0	-1
3161	jsy02.par	匕首增益2	海浪	1	0	1	-1	0	0	0	-1
3162	jsy03.par	匕首增益3	海浪	1	0	1	-1	0	0	0	-1
3163	jsy04.par	匕首增益4	海浪	1	0	1	-1	0	0	0	-1
											
3170	jbb01.par	巨剑防御1	海浪	1	0	1	-1	0	0	0	-1
3171	jbb02.par	巨剑防御2	海浪	1	0	1	-1	0	0	0	-1
3172	jbb03.par	巨剑防御3	海浪	1	0	1	-1	0	0	0	-1
3173	jbb04.par	巨剑防御4	海浪	1	0	1	-1	0	0	0	-1
3180	jjb01.par	单手剑防御1	海浪	1	0	1	-1	0	0	0	-1
3181	jjb02.par	单手剑防御2	海浪	1	0	1	-1	0	0	0	-1
3182	jjb03.par	单手剑防御3	海浪	1	0	1	-1	0	0	0	-1
3183	jjb04.par	单手剑防御4	海浪	1	0	1	-1	0	0	0	-1
3184	jjb05.par	单手剑防御4	海浪	1	0	1	-1	0	0	0	-1
3190	jsb01.par	匕首防御1	海浪	1	0	1	-1	0	0	0	-1
3191	jsb02.par	匕首防御2	海浪	1	0	1	-1	0	0	0	-1
3192	jsb03.par	匕首防御3	海浪	1	0	1	-1	0	0	0	-1
3193	jsb04.par	匕首防御4	海浪	1	0	1	-1	0	0	0	-1
											
3200	jgb01.par	枪防御身体1	海浪	1	0	1	-1	0	0	0	-1
3201	jgb01.par	枪防御身体2	海浪	1	0	1	-1	0	0	0	-1
3202	jgb02.par	枪防御身体3	海浪	1	0	1	-1	0	0	0	-1
3203	jgb03.par	枪防御身体4	海浪	1	0	1	-1	0	0	0	-1
3210	jgb04.par	枪防御头1	海浪	1	0	1	-1	0	0	0	-1
3211	jgb05.par	枪防御头2	海浪	1	0	1	-1	0	0	0	-1
3212	jgb06.par	枪防御头3	海浪	1	0	1	-1	0	0	0	-1
3213	jgb06.par	枪防御头4	海浪	1	0	1	-1	0	0	0	-1
											
3220	jgy01.par	枪增益身体1	海浪	1	0	1	-1	0	0	0	-1
3221	jgy01.par	枪增益身体2	海浪	1	0	1	-1	0	0	0	-1
3222	jgy02.par	枪增益身体3	海浪	1	0	1	-1	0	0	0	-1
3223	jgy03.par	枪增益身体4	海浪	1	0	1	-1	0	0	0	-1
3230	jgy04.par	枪增益头1	海浪	1	0	1	-1	0	0	0	-1
3231	jgy05.par	枪增益头2	海浪	1	0	1	-1	0	0	0	-1
3232	jgy06.par	枪增益头3	海浪	1	0	1	-1	0	0	0	-1
3233	jgy06.par	枪增益头4	海浪	1	0	1	-1	0	0	0	-1
											
3240	jfq02.par	法杖攻防增身体淡	海浪	1	0	1	-1	0	0	0	-1
3241	jfq03.par	法杖攻防增身体有	海浪	1	0	1	-1	0	0	0	-1
3242	jfq03.par	法杖攻防增身体有	海浪	1	0	1	-1	0	0	0	-1
3243	jfq03.par	法杖攻防增身体有	海浪	1	0	1	-1	0	0	0	-1
3250	jfr004.par	法杖攻防增头1	海浪	1	0	1	-1	0	0	0	-1
3251	jfr003.par	法杖攻防增头2	海浪	1	0	1	-1	0	0	0	-1
3252	jfr002.par	法杖攻防增头3	海浪	1	0	1	-1	0	0	0	-1
3253	jfq01.par	法杖攻防增头4	海浪	1	0	1	-1	0	0	0	-1
											
3260	jbyb01.par	巨剑增防1	海浪	1	0	1	-1	0	0	0	-1
3261	jbyb02.par	巨剑增防2	海浪	1	0	1	-1	0	0	0	-1
3262	jbyb03.par	巨剑增防3	海浪	1	0	1	-1	0	0	0	-1
3263	jbyb04.par	巨剑增防4	海浪	1	0	1	-1	0	0	0	-1
3270	jjyb01.par	单手剑增防1	海浪	1	0	1	-1	0	0	0	-1
3271	jjyb02.par	单手剑增防2	海浪	1	0	1	-1	0	0	0	-1
3272	jjyb03.par	单手剑增防3	海浪	1	0	1	-1	0	0	0	-1
3273	jjyb04.par	单手剑增防4	海浪	1	0	1	-1	0	0	0	-1
3280	jsyb01.par	匕首增防1	海浪	1	0	1	-1	0	0	0	-1
3281	jsyb02.par	匕首增防2	海浪	1	0	1	-1	0	0	0	-1
3282	jsyb03.par	匕首增防3	海浪	1	0	1	-1	0	0	0	-1
3283	jsyb04.par	匕首增防4	海浪	1	0	1	-1	0	0	0	-1
											
3290	jbry01.par	巨剑增攻1	海浪	1	0	1	-1	0	0	0	-1
3291	jbry02.par	巨剑增攻2	海浪	1	0	1	-1	0	0	0	-1
3292	jbry03.par	巨剑增攻3	海浪	1	0	1	-1	0	0	0	-1
3293	jbry04.par	巨剑增攻4	海浪	1	0	1	-1	0	0	0	-1
3300	jjry01.par	单手剑增攻1	海浪	1	0	1	-1	0	0	0	-1
3301	jjry02.par	单手剑增攻2	海浪	1	0	1	-1	0	0	0	-1
3302	jjry03.par	单手剑增攻3	海浪	1	0	1	-1	0	0	0	-1
3303	jjry04.par	单手剑增攻4	海浪	1	0	1	-1	0	0	0	-1
3310	jsry01.par	匕首增攻1	海浪	1	0	1	-1	0	0	0	-1
3311	jsry02.par	匕首增攻2	海浪	1	0	1	-1	0	0	0	-1
3312	jsry03.par	匕首增攻3	海浪	1	0	1	-1	0	0	0	-1
3313	jsry04.par	匕首增攻4	海浪	1	0	1	-1	0	0	0	-1
											
3320	jbrb01.par	巨剑攻防1	海浪	1	0	1	-1	0	0	0	-1
3321	jbrb02.par	巨剑攻防2	海浪	1	0	1	-1	0	0	0	-1
3322	jbrb03.par	巨剑攻防3	海浪	1	0	1	-1	0	0	0	-1
3323	jbrb04.par	巨剑攻防4	海浪	1	0	1	-1	0	0	0	-1
3330	jjrb01.par	单手剑攻防1	海浪	1	0	1	-1	0	0	0	-1
3331	jjrb02.par	单手剑攻防2	海浪	1	0	1	-1	0	0	0	-1
3332	jjrb03.par	单手剑攻防3	海浪	1	0	1	-1	0	0	0	-1
3333	jjrb04.par	单手剑攻防4	海浪	1	0	1	-1	0	0	0	-1
3340	jsrb01.par	匕首攻防1	海浪	1	0	1	-1	0	0	0	-1
3341	jsrb02.par	匕首攻防2	海浪	1	0	1	-1	0	0	0	-1
3342	jsrb03.par	匕首攻防3	海浪	1	0	1	-1	0	0	0	-1
3343	jsrb04.par	匕首攻防4	海浪	1	0	1	-1	0	0	0	-1
											
3350	jbryb01.par	巨剑攻防增1	海浪	1	0	1	-1	0	0	0	-1
3351	jbryb02.par	巨剑攻防增2	海浪	1	0	1	-1	0	0	0	-1
3352	jbryb03.par	巨剑攻防增3	海浪	1	0	1	-1	0	0	0	-1
3353	jbryb04.par	巨剑攻防增4	海浪	1	0	1	-1	0	0	0	-1
3360	jjryb01.par	单手剑攻防增1	海浪	1	0	1	-1	0	0	0	-1
3361	jjryb02.par	单手剑攻防增2	海浪	1	0	1	-1	0	0	0	-1
3362	jjryb03.par	单手剑攻防增3	海浪	1	0	1	-1	0	0	0	-1
3363	jjryb04.par	单手剑攻防增4	海浪	1	0	1	-1	0	0	0	-1
3370	jsryb01.par	匕首攻防增1	海浪	1	0	1	-1	0	0	0	-1
3371	jsryb02.par	匕首攻防增2	海浪	1	0	1	-1	0	0	0	-1
3372	jsryb03.par	匕首攻防增3	海浪	1	0	1	-1	0	0	0	-1
3373	jsryb04.par	匕首攻防增4	海浪	1	0	1	-1	0	0	0	-1
											
											
3380	jgy01.par	枪攻防增身体1	海浪	1	0	1	-1	0	0	0	-1
3381	jgy01.par	枪攻防增身体2	海浪	1	0	1	-1	0	0	0	-1
3382	jgq01.par	枪攻防增身体3	海浪	1	0	1	-1	0	0	0	-1
3383	jgq02.par	枪攻防增身体4	海浪	1	0	1	-1	0	0	0	-1
3390	jg04.par	枪攻防增头1	海浪	1	0	1	-1	0	0	0	-1
3391	jg05.par	枪攻防增头2	海浪	1	0	1	-1	0	0	0	-1
3392	jg06.par	枪攻防增头3	海浪	1	0	1	-1	0	0	0	-1
3393	jg06.par	枪攻防增头4	海浪	1	0	1	-1	0	0	0	-1
											
											
											
3400	jf000.par	弓攻击身体1	海浪	1	0	1	-1	0	0	0	-1
3401	jar03.par	弓攻击身体2	海浪	1	0	1	-1	0	0	0	-1
3402	jar01.par	弓攻击身体3	海浪	1	0	1	-1	0	0	0	-1
3403	jar01.par	弓攻击身体4	海浪	1	0	1	-1	0	0	0	-1
3410	jf000.par	弓攻击拖尾1	海浪	1	0	1	-1	0	0	0	-1
3411	jf000.par	弓攻击拖尾2	海浪	1	0	1	-1	0	0	0	-1
3412	jf000.par	弓攻击拖尾3	海浪	1	0	1	-1	0	0	0	-1
3413	jar02.par	弓攻击拖尾4	海浪	1	0	1	-1	0	0	0	-1
											
3420	jf000.par	弓增益身体1	海浪	1	0	1	-1	0	0	0	-1
3421	jay03.par	弓增益身体2	海浪	1	0	1	-1	0	0	0	-1
3422	jay01.par	弓增益身体3	海浪	1	0	1	-1	0	0	0	-1
3423	jay01.par	弓增益身体4	海浪	1	0	1	-1	0	0	0	-1
3430	jf000.par	弓增益拖尾1	海浪	1	0	1	-1	0	0	0	-1
3431	jf000.par	弓增益拖尾2	海浪	1	0	1	-1	0	0	0	-1
3432	jf000.par	弓增益拖尾3	海浪	1	0	1	-1	0	0	0	-1
3433	jay02.par	弓增益拖尾4	海浪	1	0	1	-1	0	0	0	-1
											
3440	jf000.par	弓防御身体1	海浪	1	0	1	-1	0	0	0	-1
3441	jab03.par	弓防御身体2	海浪	1	0	1	-1	0	0	0	-1
3442	jab01.par	弓防御身体3	海浪	1	0	1	-1	0	0	0	-1
3443	jab01.par	弓防御身体4	海浪	1	0	1	-1	0	0	0	-1
3450	jf000.par	弓防御拖尾1	海浪	1	0	1	-1	0	0	0	-1
3451	jf000.par	弓防御拖尾2	海浪	1	0	1	-1	0	0	0	-1
3452	jf000.par	弓防御拖尾3	海浪	1	0	1	-1	0	0	0	-1
3453	jab02.par	弓防御拖尾4	海浪	1	0	1	-1	0	0	0	-1
											
											
3460	jf000.par	弓防御增益身体1	海浪	1	0	1	-1	0	0	0	-1
3461	jay03.par	弓防御增益身体2	海浪	1	0	1	-1	0	0	0	-1
3462	jaby01.par	弓防御增益身体3	海浪	1	0	1	-1	0	0	0	-1
3463	jaby01.par	弓防御增益身体4	海浪	1	0	1	-1	0	0	0	-1
											
3470	jf000.par	弓防御攻击身体1	海浪	1	0	1	-1	0	0	0	-1
3471	jab03.par	弓防御攻击身体2	海浪	1	0	1	-1	0	0	0	-1
3472	jabr01.par	弓防御攻击身体3	海浪	1	0	1	-1	0	0	0	-1
3473	jabr01.par	弓防御攻击身体4	海浪	1	0	1	-1	0	0	0	-1
											
3480	jf000.par	弓攻击增益身体1	海浪	1	0	1	-1	0	0	0	-1
3481	jar03.par	弓攻击增益身体2	海浪	1	0	1	-1	0	0	0	-1
3482	jary01.par	弓攻击增益身体3	海浪	1	0	1	-1	0	0	0	-1
3483	jary01.par	弓攻击增益身体4	海浪	1	0	1	-1	0	0	0	-1
											
3490	jf000.par	弓攻防增身体1	海浪	1	0	1	-1	0	0	0	-1
3491	jabry03.par	弓攻防增身体2	海浪	1	0	1	-1	0	0	0	-1
3492	jabry01.par	弓攻防增身体3	海浪	1	0	1	-1	0	0	0	-1
3493	jabry01.par	弓攻防增身体4	海浪	1	0	1	-1	0	0	0	-1
											
											
3500	jfg004.par	法杖毒头1	海浪	1	0	1	-1	0	0	0	-1
3501	jfg003.par	法杖毒头2	海浪	1	0	1	-1	0	0	0	-1
3502	jfg002.par	法杖毒头3	海浪	1	0	1	-1	0	0	0	-1
3503	jfg001.par	法杖毒头4	海浪	1	0	1	-1	0	0	0	-1
3510	jf000.par	法杖毒环空	海浪	1	0	1	-1	0	0	0	-1
3511	jf000.par	法杖毒环空	海浪	1	0	1	-1	0	0	0	-1
3512	jf000.par	法杖毒环空	海浪	1	0	1	-1	0	0	0	-1
3513	jf006.par	法杖毒环有	海浪	1	0	1	-1	0	0	0	-1
3520	jf000.par	法杖毒身体空	海浪	1	0	1	-1	0	0	0	-1
3521	jfg005.par	法杖毒身体有	海浪	1	0	1	-1	0	0	0	-1
3522	jfg005.par	法杖毒身体有	海浪	1	0	1	-1	0	0	0	-1
3523	jfg005.par	法杖毒身体有	海浪	1	0	1	-1	0	0	0	-1
											
											
3530	jgg01.par	枪毒身体1	海浪	1	0	1	-1	0	0	0	-1
3531	jgg01.par	枪毒身体2	海浪	1	0	1	-1	0	0	0	-1
3532	jgg02.par	枪毒身体3	海浪	1	0	1	-1	0	0	0	-1
3533	jgg03.par	枪毒身体4	海浪	1	0	1	-1	0	0	0	-1
3540	jgg04.par	枪毒头1	海浪	1	0	1	-1	0	0	0	-1
3541	jgg05.par	枪毒头2	海浪	1	0	1	-1	0	0	0	-1
3542	jgg06.par	枪毒头3	海浪	1	0	1	-1	0	0	0	-1
3543	jgg06.par	枪毒头4	海浪	1	0	1	-1	0	0	0	-1
											
3550	jbrg01.par	巨剑毒攻1	海浪	1	0	1	-1	0	0	0	-1
3551	jbrg02.par	巨剑毒攻2	海浪	1	0	1	-1	0	0	0	-1
3552	jbrg03.par	巨剑毒攻3	海浪	1	0	1	-1	0	0	0	-1
3553	jbrg04.par	巨剑毒攻4	海浪	1	0	1	-1	0	0	0	-1
3560	jjrg01.par	单手剑毒攻1	海浪	1	0	1	-1	0	0	0	-1
3561	jjrg02.par	单手剑毒攻2	海浪	1	0	1	-1	0	0	0	-1
3562	jjrg03.par	单手剑毒攻3	海浪	1	0	1	-1	0	0	0	-1
3563	jjrg04.par	单手剑毒攻4	海浪	1	0	1	-1	0	0	0	-1
3570	jsrg01.par	匕首毒攻1	海浪	1	0	1	-1	0	0	0	-1
3571	jsrg02.par	匕首毒攻2	海浪	1	0	1	-1	0	0	0	-1
3572	jsrg03.par	匕首毒攻3	海浪	1	0	1	-1	0	0	0	-1
3573	jsrg04.par	匕首毒攻4	海浪	1	0	1	-1	0	0	0	-1
											
3580	jbyg01.par	巨剑毒增1	海浪	1	0	1	-1	0	0	0	-1
3581	jbyg02.par	巨剑毒增2	海浪	1	0	1	-1	0	0	0	-1
3582	jbyg03.par	巨剑毒增3	海浪	1	0	1	-1	0	0	0	-1
3583	jbyg04.par	巨剑毒增4	海浪	1	0	1	-1	0	0	0	-1
3590	jjyg01.par	单手剑毒增1	海浪	1	0	1	-1	0	0	0	-1
3591	jjyg02.par	单手剑毒增2	海浪	1	0	1	-1	0	0	0	-1
3592	jjyg03.par	单手剑毒增3	海浪	1	0	1	-1	0	0	0	-1
3593	jjyg04.par	单手剑毒增4	海浪	1	0	1	-1	0	0	0	-1
3600	jsyg01.par	匕首毒增1	海浪	1	0	1	-1	0	0	0	-1
3601	jsyg02.par	匕首毒增2	海浪	1	0	1	-1	0	0	0	-1
3602	jsyg03.par	匕首毒增3	海浪	1	0	1	-1	0	0	0	-1
3603	jsyg04.par	匕首毒增4	海浪	1	0	1	-1	0	0	0	-1
											
3610	jbbg01.par	巨剑毒防1	海浪	1	0	1	-1	0	0	0	-1
3611	jbbg02.par	巨剑毒防2	海浪	1	0	1	-1	0	0	0	-1
3612	jbbg03.par	巨剑毒防3	海浪	1	0	1	-1	0	0	0	-1
3613	jbbg04.par	巨剑毒防4	海浪	1	0	1	-1	0	0	0	-1
3620	jjbg01.par	单手剑毒防1	海浪	1	0	1	-1	0	0	0	-1
3621	jjbg02.par	单手剑毒防2	海浪	1	0	1	-1	0	0	0	-1
3622	jjbg03.par	单手剑毒防3	海浪	1	0	1	-1	0	0	0	-1
3623	jjbg04.par	单手剑毒防4	海浪	1	0	1	-1	0	0	0	-1
3630	jsbg01.par	匕首毒防1	海浪	1	0	1	-1	0	0	0	-1
3631	jsbg02.par	匕首毒防2	海浪	1	0	1	-1	0	0	0	-1
3632	jsbg03.par	匕首毒防3	海浪	1	0	1	-1	0	0	0	-1
3633	jsbg04.par	匕首毒防4	海浪	1	0	1	-1	0	0	0	-1
											
3640	jbg01.par	巨剑毒1	海浪	1	0	1	-1	0	0	0	-1
3641	jbg02.par	巨剑毒2	海浪	1	0	1	-1	0	0	0	-1
3642	jbg03.par	巨剑毒3	海浪	1	0	1	-1	0	0	0	-1
3643	jbg04.par	巨剑毒4	海浪	1	0	1	-1	0	0	0	-1
3650	jjg01.par	单手剑毒1	海浪	1	0	1	-1	0	0	0	-1
3651	jjg02.par	单手剑毒2	海浪	1	0	1	-1	0	0	0	-1
3652	jjg03.par	单手剑毒3	海浪	1	0	1	-1	0	0	0	-1
3653	jjg04.par	单手剑毒4	海浪	1	0	1	-1	0	0	0	-1
3660	jsg01.par	匕首毒1	海浪	1	0	1	-1	0	0	0	-1
3661	jsg02.par	匕首毒2	海浪	1	0	1	-1	0	0	0	-1
3662	jsg03.par	匕首毒3	海浪	1	0	1	-1	0	0	0	-1
3663	jsg04.par	匕首毒4	海浪	1	0	1	-1	0	0	0	-1
											
3670	jjrgb01.par	剑攻毒防1	海浪	1	0	1	-1	0	0	0	-1
3671	jjrgb02.par	剑攻毒防2	海浪	1	0	1	-1	0	0	0	-1
3672	jjrgb03.par	剑攻毒防3	海浪	1	0	1	-1	0	0	0	-1
3673	jjrgb04.par	剑攻毒防4	海浪	1	0	1	-1	0	0	0	-1
3680	jjryg01.par	剑攻增毒1	海浪	1	0	1	-1	0	0	0	-1
3681	jjryg02.par	剑攻增毒2	海浪	1	0	1	-1	0	0	0	-1
3682	jjryg03.par	剑攻增毒3	海浪	1	0	1	-1	0	0	0	-1
3683	jjryg04.par	剑攻增毒4	海浪	1	0	1	-1	0	0	0	-1
3690	jjgyb01.par	剑毒增防1	海浪	1	0	1	-1	0	0	0	-1
3691	jjgyb02.par	剑毒增防3	海浪	1	0	1	-1	0	0	0	-1
3692	jjgyb03.par	剑毒增防3	海浪	1	0	1	-1	0	0	0	-1
3693	jjgyb04.par	剑毒增防4	海浪	1	0	1	-1	0	0	0	-1
											
3700	jbrgb01.par	巨剑攻毒防1	海浪	1	0	1	-1	0	0	0	-1
3701	jbrgb02.par	巨剑攻毒防2	海浪	1	0	1	-1	0	0	0	-1
3702	jbrgb03.par	巨剑攻毒防3	海浪	1	0	1	-1	0	0	0	-1
3703	jbrgb04.par	巨剑攻毒防4	海浪	1	0	1	-1	0	0	0	-1
3710	jbryg01.par	巨剑攻增毒1	海浪	1	0	1	-1	0	0	0	-1
3711	jbryg02.par	巨剑攻增毒2	海浪	1	0	1	-1	0	0	0	-1
3712	jbryg03.par	巨剑攻增毒3	海浪	1	0	1	-1	0	0	0	-1
3713	jbryg04.par	巨剑攻增毒4	海浪	1	0	1	-1	0	0	0	-1
3720	jbgyb01.par	巨剑毒增防1	海浪	1	0	1	-1	0	0	0	-1
3721	jbgyb02.par	巨剑毒增防3	海浪	1	0	1	-1	0	0	0	-1
3722	jbgyb03.par	巨剑毒增防3	海浪	1	0	1	-1	0	0	0	-1
3723	jbgyb04.par	巨剑毒增防4	海浪	1	0	1	-1	0	0	0	-1
											
3730	jsrgb01.par	匕首攻毒防1	海浪	1	0	1	-1	0	0	0	-1
3731	jsrgb02.par	匕首攻毒防2	海浪	1	0	1	-1	0	0	0	-1
3732	jsrgb03.par	匕首攻毒防3	海浪	1	0	1	-1	0	0	0	-1
3733	jsrgb04.par	匕首攻毒防4	海浪	1	0	1	-1	0	0	0	-1
3740	jsryg01.par	匕首攻增毒1	海浪	1	0	1	-1	0	0	0	-1
3741	jsryg02.par	匕首攻增毒2	海浪	1	0	1	-1	0	0	0	-1
3742	jsryg03.par	匕首攻增毒3	海浪	1	0	1	-1	0	0	0	-1
3743	jsryg04.par	匕首攻增毒4	海浪	1	0	1	-1	0	0	0	-1
3750	jsgyb01.par	匕首毒增防1	海浪	1	0	1	-1	0	0	0	-1
3751	jsgyb02.par	匕首毒增防3	海浪	1	0	1	-1	0	0	0	-1
3752	jsgyb03.par	匕首毒增防3	海浪	1	0	1	-1	0	0	0	-1
3753	jsgyb04.par	匕首毒增防4	海浪	1	0	1	-1	0	0	0	-1
											
3760	jgb01.par	枪毒攻防身体1	海浪	1	0	1	-1	0	0	0	-1
3761	jgb01.par	枪毒攻防身体2	海浪	1	0	1	-1	0	0	0	-1
3762	jgrb01.par	枪毒攻防身体3	海浪	1	0	1	-1	0	0	0	-1
3763	jgrb02.par	枪毒攻防身体4	海浪	1	0	1	-1	0	0	0	-1
											
3770	jgy01.par	枪毒攻增身体1	海浪	1	0	1	-1	0	0	0	-1
3771	jgy01.par	枪毒攻增身体2	海浪	1	0	1	-1	0	0	0	-1
3772	jgry01.par	枪毒攻增身体3	海浪	1	0	1	-1	0	0	0	-1
3773	jgry02.par	枪毒攻增身体4	海浪	1	0	1	-1	0	0	0	-1
											
3780	jfq02.par	法杖毒防增身体淡	海浪	1	0	1	-1	0	0	0	-1
3781	jfrb01.par	法杖毒防增身体有	海浪	1	0	1	-1	0	0	0	-1
3782	jfrb01.par	法杖毒防增身体有	海浪	1	0	1	-1	0	0	0	-1
3783	jfrb01.par	法杖毒防增身体有	海浪	1	0	1	-1	0	0	0	-1
3790	jfg004.par	法杖毒防增头1	海浪	1	0	1	-1	0	0	0	-1
3791	jfg003.par	法杖毒防增头2	海浪	1	0	1	-1	0	0	0	-1
3792	jfg002.par	法杖毒防增头3	海浪	1	0	1	-1	0	0	0	-1
3793	jfrgb01.par	法杖毒防增头4	海浪	1	0	1	-1	0	0	0	-1
											
3800	jfrb02.par	法杖攻毒防身体淡	海浪	1	0	1	-1	0	0	0	-1
3801	jfry01.par	法杖攻毒防身体有	海浪	1	0	1	-1	0	0	0	-1
3802	jfry01.par	法杖攻毒防身体有	海浪	1	0	1	-1	0	0	0	-1
3803	jfry01.par	法杖攻毒防身体有	海浪	1	0	1	-1	0	0	0	-1
3810	jfg004.par	法杖攻毒防头1	海浪	1	0	1	-1	0	0	0	-1
3811	jfg003.par	法杖攻毒防头2	海浪	1	0	1	-1	0	0	0	-1
3812	jfg002.par	法杖攻毒防头3	海浪	1	0	1	-1	0	0	0	-1
3813	jfryg01.par	法杖攻毒防头4	海浪	1	0	1	-1	0	0	0	-1
											
3820	jfry02.par	法杖攻增毒身体淡	海浪	1	0	1	-1	0	0	0	-1
3821	jfq03.par	法杖攻增毒身体有	海浪	1	0	1	-1	0	0	0	-1
3822	jfq03.par	法杖攻增毒身体有	海浪	1	0	1	-1	0	0	0	-1
3823	jfq03.par	法杖攻增毒身体有	海浪	1	0	1	-1	0	0	0	-1
3830	jfg004.par	法杖攻增毒头1	海浪	1	0	1	-1	0	0	0	-1
3831	jfg003.par	法杖攻增毒头2	海浪	1	0	1	-1	0	0	0	-1
3832	jfg002.par	法杖攻增毒头3	海浪	1	0	1	-1	0	0	0	-1
3833	jfgyb01.par	法杖攻增毒头4	海浪	1	0	1	-1	0	0	0	-1
											
											
											
3840	jlg01.par	斧头毒1	海浪	1	0	1	-1	0	0	0	-1
3841	jlg02.par	斧头毒2	海浪	1	0	1	-1	0	0	0	-1
3842	jlg03.par	斧头毒3	海浪	1	0	1	-1	0	0	0	-1
3843	jlg04.par	斧头毒4	海浪	1	0	1	-1	0	0	0	-1
											
3850	jlr01.par	斧头攻1	海浪	1	0	1	-1	0	0	0	-1
3851	jlr02.par	斧头攻2	海浪	1	0	1	-1	0	0	0	-1
3852	jlr03.par	斧头攻3	海浪	1	0	1	-1	0	0	0	-1
3853	jlr04.par	斧头攻4	海浪	1	0	1	-1	0	0	0	-1
											
3860	jlb01.par	斧头防1	海浪	1	0	1	-1	0	0	0	-1
3861	jlb02.par	斧头防2	海浪	1	0	1	-1	0	0	0	-1
3862	jlb03.par	斧头防3	海浪	1	0	1	-1	0	0	0	-1
3863	jlb04.par	斧头防4	海浪	1	0	1	-1	0	0	0	-1
											
3870	jly01.par	斧头增1	海浪	1	0	1	-1	0	0	0	-1
3871	jly02.par	斧头增2	海浪	1	0	1	-1	0	0	0	-1
3872	jly03.par	斧头增3	海浪	1	0	1	-1	0	0	0	-1
3873	jly04.par	斧头增4	海浪	1	0	1	-1	0	0	0	-1
											
											
3880	jlrgy01.par	斧头攻增毒1	海浪	1	0	1	-1	0	0	0	-1
3881	jlrgy02.par	斧头攻增毒2	海浪	1	0	1	-1	0	0	0	-1
3882	jlrgy03.par	斧头攻增毒3	海浪	1	0	1	-1	0	0	0	-1
3883	jlrgy04.par	斧头攻增毒4	海浪	1	0	1	-1	0	0	0	-1
											
3890	jlrgb01.par	斧头攻毒防1	海浪	1	0	1	-1	0	0	0	-1
3891	jlrgb02.par	斧头攻毒防2	海浪	1	0	1	-1	0	0	0	-1
3892	jlrgb03.par	斧头攻毒防3	海浪	1	0	1	-1	0	0	0	-1
3893	jlrgb04.par	斧头攻毒防4	海浪	1	0	1	-1	0	0	0	-1
											
3900	jlgyb01.par	斧头毒防增1	海浪	1	0	1	-1	0	0	0	-1
3901	jlgyb02.par	斧头毒防增2	海浪	1	0	1	-1	0	0	0	-1
3902	jlgyb03.par	斧头毒防增3	海浪	1	0	1	-1	0	0	0	-1
3903	jlgyb04.par	斧头毒防增4	海浪	1	0	1	-1	0	0	0	-1
											
3910	jlrby01.par	斧头攻防增1	海浪	1	0	1	-1	0	0	0	-1
3911	jlrby02.par	斧头攻防增2	海浪	1	0	1	-1	0	0	0	-1
3912	jlrby03.par	斧头攻防增3	海浪	1	0	1	-1	0	0	0	-1
3913	jlrby04.par	斧头攻防增4	海浪	1	0	1	-1	0	0	0	-1
											
											
3920	jf000.par	斧头毒1	海浪	1	0	1	-1	0	0	0	-1
3921	jf000.par	斧头毒2	海浪	1	0	1	-1	0	0	0	-1
3922	jlhg03.par	斧头毒3	海浪	1	0	1	-1	0	0	0	-1
3923	jlhg02.par	斧头毒4	海浪	1	0	1	-1	0	0	0	-1
											
3930	jf000.par	斧头防1	海浪	1	0	1	-1	0	0	0	-1
3931	jf000.par	斧头防2	海浪	1	0	1	-1	0	0	0	-1
3932	jlhb03.par	斧头防3	海浪	1	0	1	-1	0	0	0	-1
3933	jlhb02.par	斧头防4	海浪	1	0	1	-1	0	0	0	-1
											
3940	jf000.par	斧头攻1	海浪	1	0	1	-1	0	0	0	-1
3941	jf000.par	斧头攻2	海浪	1	0	1	-1	0	0	0	-1
3942	jlhr03.par	斧头攻3	海浪	1	0	1	-1	0	0	0	-1
3943	jlhr02.par	斧头攻4	海浪	1	0	1	-1	0	0	0	-1
											
											
3950	jswb01.par	弯匕首防1	海浪	1	0	1	-1	0	0	0	-1
3951	jswb01.par	弯匕首防2	海浪	1	0	1	-1	0	0	0	-1
3952	jswb01.par	弯匕首防3	海浪	1	0	1	-1	0	0	0	-1
3953	jswb01.par	弯匕首防4	海浪	1	0	1	-1	0	0	0	-1
											
3960	jswr01.par	弯匕首攻1	海浪	1	0	1	-1	0	0	0	-1
3961	jswr01.par	弯匕首攻2	海浪	1	0	1	-1	0	0	0	-1
3962	jswr01.par	弯匕首攻3	海浪	1	0	1	-1	0	0	0	-1
3963	jswr01.par	弯匕首攻4	海浪	1	0	1	-1	0	0	0	-1
											
3970	jswy01.par	弯匕首增1	海浪	1	0	1	-1	0	0	0	-1
3971	jswy01.par	弯匕首增2	海浪	1	0	1	-1	0	0	0	-1
3972	jswy01.par	弯匕首增3	海浪	1	0	1	-1	0	0	0	-1
3973	jswy01.par	弯匕首增4	海浪	1	0	1	-1	0	0	0	-1
											
3980	jswg01.par	弯匕首毒1	海浪	1	0	1	-1	0	0	0	-1
3981	jswg01.par	弯匕首毒2	海浪	1	0	1	-1	0	0	0	-1
3982	jswg01.par	弯匕首毒3	海浪	1	0	1	-1	0	0	0	-1
3983	jswg01.par	弯匕首毒4	海浪	1	0	1	-1	0	0	0	-1
											
3990	cangying.par	苍蝇群1	海浪	1	0	1	-1	0	0	0	-1
3991	cangying.par	苍蝇群2	海浪	1	0	1	-1	0	0	0	-1
3992	cangying.par	苍蝇群3	海浪	1	0	1	-1	0	0	0	-1
3993	cangying.par	苍蝇群4	海浪	1	0	1	-1	0	0	0	-1
4000	ssdao.par	死神刀光	海浪	1	0	10	11	0	0	0	-1
4010	ssjj.par	死神刀紫光	海浪	1	0	4	-1	0	0	0	-1
4011	ssjj.par	死神刀紫光	海浪	1	0	4	-1	0	0	0	-1
4012	ssjj.par	死神刀紫光	海浪	1	0	4	-1	0	0	0	-1
4013	ssjj.par	死神刀紫光	海浪	1	0	4	-1	0	0	0	-1
4014	zhongshen.par	众神的庇护	海浪	0	0	-1	-1	0	1	0	-1
