0004	#TABLE_ITEMINFO_TXT_000007#	3	9	0	12	26	0	25	0	24	0	0	27	0	0	0.6	1	1	0.7
0005	#TABLE_ITEMINFO_TXT_000008#	3	9	0	12	26	0	25	0	24	0	0	27	0	0	0.6	1	1	0.7
0006	#TABLE_ITEMINFO_TXT_000009#	3	9	0	12	26	0	25	0	24	0	0	27	0	0	0.6	1	1	0.7
0007	#TABLE_ITEMINFO_TXT_000010#	3	9	0	12	26	0	25	0	24	0	0	27	0	0	0.7	1.1	1	0.7
0015	#TABLE_ITEMINFO_TXT_000021#	2	8	0	11	22	0	21	0	20	0	0	23	0	0	0.6	1	1	0.7
0016	#TABLE_ITEMINFO_TXT_000022#	2	8	0	11	22	0	21	0	20	0	0	23	0	0	0.6	1	1	0.7
0017	#TABLE_ITEMINFO_TXT_000024#	2	8	0	11	22	0	21	0	20	0	0	23	0	0	0.6	1	1	0.7
0018	#TABLE_ITEMINFO_TXT_000026#	2	8	0	11	22	0	21	0	20	0	0	23	0	0	0.6	1	1	0.7
0019	#TABLE_ITEMINFO_TXT_000027#	2	8	0	11	22	0	21	0	20	0	0	23	0	0	0.6	1	1	0.7
0020	#TABLE_ITEMINFO_TXT_000028#	2	8	0	11	22	0	21	0	20	0	0	23	0	0	0.6	1	1	0.7
0021	#TABLE_ITEMINFO_TXT_000029#	2	8	0	11	22	0	21	0	20	0	0	23	0	0	0.6	1	1	0.7
0022	#TABLE_ITEMINFO_TXT_000030#	3	9	0	12	26	0	25	0	24	0	0	27	0	0	0.6	1	1	0.7
0023	#TABLE_ITEMINFO_TXT_000031#	3	9	0	12	26	0	25	0	24	0	0	27	0	0	0.6	1	1	0.7
0039	#TABLE_ITEMINFO_TXT_000060#	5	14	0	15	34	0	33	0	32	0	0	35	0	0	0.6	1	1	0.7
0040	#TABLE_ITEMINFO_TXT_000061#	5	14	0	15	34	0	33	0	32	0	0	35	0	0	0.6	1	1	0.7
0041	#TABLE_ITEMINFO_TXT_000062#	5	14	0	15	34	0	33	0	32	0	0	35	0	0	0.6	1	1	0.7
0042	#TABLE_ITEMINFO_TXT_000064#	5	14	0	15	34	0	33	0	32	0	0	35	0	0	0.6	1	1	0.7
0043	#TABLE_ITEMINFO_TXT_000065#	5	14	0	15	34	0	33	0	32	0	0	35	0	0	0.6	1	1	0.7
0044	#TABLE_ITEMINFO_TXT_000066#	5	14	0	15	34	0	33	0	32	0	0	35	0	0	0.6	1	1	0.7
0045	#TABLE_ITEMINFO_TXT_000067#	5	14	0	15	34	0	33	0	32	0	0	35	0	0	0.6	1	1	0.7
0076	#TABLE_ITEMINFO_TXT_000127#	4	10	0	13	30	0	29	0	28	0	0	31	0	0	0.6	1	1	0.7
0077	#TABLE_ITEMINFO_TXT_000128#	4	10	0	13	30	0	29	0	28	0	0	31	0	0	0.6	1	1	0.7
0078	#TABLE_ITEMINFO_TXT_000130#	4	10	0	13	30	0	29	0	28	0	0	31	0	0	0.6	1	1	0.7
0079	#TABLE_ITEMINFO_TXT_000131#	4	10	0	13	30	0	29	0	28	0	0	31	0	0	0.6	1	1	0.7
0083	#TABLE_ITEMINFO_TXT_000135#	4	10	0	13	30	0	29	0	28	0	0	31	0	0	0.6	1	1	0.7
0084	#TABLE_ITEMINFO_TXT_000136#	4	10	0	13	30	0	29	0	28	0	0	31	0	0	0.6	1	1	0.7
0100	#TABLE_ITEMINFO_TXT_000165#	7	6	0	1	18	0	17	0	16	0	0	19	0	0	0.6	1	1	0.7
0101	#TABLE_ITEMINFO_TXT_000166#	7	6	0	1	18	0	17	0	16	0	0	19	0	0	0.6	1	1	0.7
0102	#TABLE_ITEMINFO_TXT_000168#	7	6	0	1	18	0	17	0	16	0	0	19	0	0	0.6	1	1	0.7
0103	#TABLE_ITEMINFO_TXT_000170#	7	6	0	1	18	0	17	0	16	0	0	19	0	0	0.6	1	1	0.7
0107	#TABLE_ITEMINFO_TXT_000174#	7	6	0	1	18	0	17	0	16	0	0	19	0	0	0.6	1	1	0.7
0108	#TABLE_ITEMINFO_TXT_000175#	7	6	0	1	18	0	17	0	16	0	0	19	0	0	0.6	1	1	0.7
0109	#TABLE_ITEMINFO_TXT_000176#	7	6	0	1	18	0	17	0	16	0	0	19	0	0	0.6	1	1	0.7
0110	#TABLE_ITEMINFO_TXT_000177#	7	6	0	1	18	0	17	0	16	0	0	19	0	0	0.6	1	1	0.7
0111	#TABLE_ITEMINFO_TXT_000178#	7	6	0	1	18	0	17	0	16	0	0	19	0	0	0.6	1	1	0.7
0112	#TABLE_ITEMINFO_TXT_000179#	7	6	0	1	18	0	17	0	16	0	0	19	0	0	0.6	1	1	0.7
0113	#TABLE_ITEMINFO_TXT_000180#	3	9	0	12	26	0	25	0	24	0	0	27	0	0	0.6	1	1	0.7
0114	#TABLE_ITEMINFO_TXT_000181#	3	9	0	12	26	0	25	0	24	0	0	27	0	0	0.6	1	1	0.7
0115	#TABLE_ITEMINFO_TXT_000182#	2	8	0	11	22	0	21	0	20	0	0	23	0	0	0.6	1	1	0.7
0116	#TABLE_ITEMINFO_TXT_000183#	2	8	0	11	22	0	21	0	20	0	0	23	0	0	0.6	1	1	0.7
0150	#TABLE_ITEMINFO_TXT_000229#	4	10	0	13	30	0	29	0	28	0	0	31	0	0	0.6	1	1	0.5
0151	#TABLE_ITEMINFO_TXT_000230#	4	10	0	13	30	0	29	0	28	0	0	31	0	0	0.6	1	1	0.6
0771	#TABLE_ITEMINFO_TXT_000959#	2	8	0	11	22	0	21	0	20	0	0	23	0	0	0.6	1	1	0.7
0772	#TABLE_ITEMINFO_TXT_000960#	2	8	0	11	22	0	21	0	20	0	0	23	0	0	0.6	1	1	0.7
0773	#TABLE_ITEMINFO_TXT_000961#	2	8	0	11	22	0	21	0	20	0	0	23	0	0	0.6	1	1	0.7
0774	#TABLE_ITEMINFO_TXT_000962#	3	9	0	12	26	0	25	0	24	0	0	27	0	0	0.6	1	1	0.7
0775	#TABLE_ITEMINFO_TXT_000963#	3	9	0	12	26	0	25	0	24	0	0	27	0	0	0.6	1	1	0.7
0776	#TABLE_ITEMINFO_TXT_000964#	3	9	0	12	26	0	25	0	24	0	0	27	0	0	0.8	1.2	1	0.7
0782	#TABLE_ITEMINFO_TXT_000972#	5	14	0	15	34	0	33	0	32	0	0	35	0	0	0.6	1	1	0.7
0783	#TABLE_ITEMINFO_TXT_000973#	5	14	0	15	34	0	33	0	32	0	0	35	0	0	0.6	1	1	0.7
0784	#TABLE_ITEMINFO_TXT_000974#	5	14	0	15	34	0	33	0	32	0	0	35	0	0	0.6	1	1	0.7
0786	#TABLE_ITEMINFO_TXT_000977#	7	6	0	1	18	0	17	0	16	0	0	19	0	0	0.6	1	1	0.7
0787	#TABLE_ITEMINFO_TXT_000978#	7	6	0	1	18	0	17	0	16	0	0	19	0	0	0.6	1	1	0.7
0788	#TABLE_ITEMINFO_TXT_000979#	7	6	0	1	18	0	17	0	16	0	0	19	0	0	0.6	1	1	0.7
0793	#TABLE_ITEMINFO_TXT_000985#	7	6	0	1	18	0	17	0	16	0	0	19	0	0	0.6	1	1	0.7
0794	#TABLE_ITEMINFO_TXT_000986#	7	6	0	1	18	0	17	0	16	0	0	19	0	0	0.6	1	1	0.7
0795	#TABLE_ITEMINFO_TXT_000987#	7	6	0	1	18	0	17	0	16	0	0	19	0	0	0.6	1	1	0.7
0800	#TABLE_ITEMINFO_TXT_000993#	4	10	0	13	30	0	29	0	28	0	0	31	0	0	0.6	1	1	0.7
0801	#TABLE_ITEMINFO_TXT_000994#	4	10	0	13	30	0	29	0	28	0	0	31	0	0	0.6	1	1	0.7
0802	#TABLE_ITEMINFO_TXT_000995#	4	10	0	13	30	0	29	0	28	0	0	31	0	0	0.6	1	1	0.7
1372	#TABLE_ITEMINFO_TXT_001752#	2	8	0	11	22	0	21	0	20	0	0	23	0	0	0.6	1	1	0.7
1373	#TABLE_ITEMINFO_TXT_001753#	2	8	0	11	22	0	21	0	20	0	0	23	0	0	0.6	1	1	0.7
1374	#TABLE_ITEMINFO_TXT_001754#	2	8	0	11	22	0	21	0	20	0	0	23	0	0	0.6	1	1	0.7
1376	#TABLE_ITEMINFO_TXT_001756#	2	8	0	11	22	0	21	0	20	0	0	23	0	0	0.6	1.1	1	0.7
1377	#TABLE_ITEMINFO_TXT_001757#	2	8	0	11	22	0	21	0	20	0	0	23	0	0	0.6	1	1	0.7
1378	#TABLE_ITEMINFO_TXT_001758#	2	8	0	11	22	0	21	0	20	0	0	23	0	0	0.6	1	1	0.7
1381	#TABLE_ITEMINFO_TXT_001761#	2	8	0	11	22	0	21	0	20	0	0	23	0	0	0.6	1	1	0.7
1382	#TABLE_ITEMINFO_TXT_001762#	2	8	0	11	22	0	21	0	20	0	0	23	0	0	0.6	1	1	0.7
1383	#TABLE_ITEMINFO_TXT_001763#	2	8	0	11	22	0	21	0	20	0	0	23	0	0	0.6	1	1	0.7
1385	#TABLE_ITEMINFO_TXT_001765#	2	8	0	11	22	0	21	0	20	0	0	23	0	0	0.6	1.1	1	0.7
1386	#TABLE_ITEMINFO_TXT_001766#	2	8	0	11	22	0	21	0	20	0	0	23	0	0	0.6	1	1	0.7
1387	#TABLE_ITEMINFO_TXT_001767#	2	8	0	11	22	0	21	0	20	0	0	23	0	0	0.6	1	1	0.7
1391	#TABLE_ITEMINFO_TXT_001771#	3	9	0	12	26	0	25	0	24	0	0	27	0	0	0.6	1	1	0.7
1392	#TABLE_ITEMINFO_TXT_001772#	3	9	0	12	26	0	25	0	24	0	0	27	0	0	0.6	1	1	0.7
1393	#TABLE_ITEMINFO_TXT_001773#	3	9	0	12	26	0	25	0	24	0	0	27	0	0	0.6	1	1	0.7
1394	#TABLE_ITEMINFO_TXT_001774#	3	9	0	12	26	0	25	0	24	0	0	27	0	0	0.6	1	1	0.7
1398	#TABLE_ITEMINFO_TXT_001778#	3	9	0	12	26	0	25	0	24	0	0	27	0	0	0.6	1	1	0.7
1399	#TABLE_ITEMINFO_TXT_001779#	3	9	0	12	26	0	25	0	24	0	0	27	0	0	0.6	1	1	0.7
1408	#TABLE_ITEMINFO_TXT_001788#	5	14	0	15	34	0	33	0	32	0	0	35	0	0	0.6	1	1	0.7
1409	#TABLE_ITEMINFO_TXT_001789#	5	14	0	15	34	0	33	0	32	0	0	35	0	0	0.6	1	1	0.7
1410	#TABLE_ITEMINFO_TXT_001790#	5	14	0	15	34	0	33	0	32	0	0	35	0	0	0.6	1	1	0.7
1411	#TABLE_ITEMINFO_TXT_001791#	5	14	0	15	34	0	33	0	32	0	0	35	0	0	0.6	1	1	0.7
1412	#TABLE_ITEMINFO_TXT_001792#	5	14	0	15	34	0	33	0	32	0	0	35	0	0	0.6	1	1	0.7
1413	#TABLE_ITEMINFO_TXT_001793#	5	14	0	15	34	0	33	0	32	0	0	35	0	0	0.6	1	1	0.7
1414	#TABLE_ITEMINFO_TXT_001794#	5	14	0	15	34	0	33	0	32	0	0	35	0	0	0.6	1	1	0.7
1418	#TABLE_ITEMINFO_TXT_001798#	4	10	0	13	30	0	29	0	28	0	0	31	0	0	0.6	1	1	0.7
1419	#TABLE_ITEMINFO_TXT_001799#	4	10	0	13	30	0	29	0	28	0	0	31	0	0	0.6	1	1	0.7
1420	#TABLE_ITEMINFO_TXT_001800#	4	10	0	13	30	0	29	0	28	0	0	31	0	0	0.6	1	1	0.7
1421	#TABLE_ITEMINFO_TXT_001801#	4	10	0	13	30	0	29	0	28	0	0	31	0	0	0.6	1	1	0.7
1425	#TABLE_ITEMINFO_TXT_001805#	4	10	0	13	30	0	29	0	28	0	0	31	0	0	0.6	1	1	0.7
1426	#TABLE_ITEMINFO_TXT_001806#	4	10	0	13	30	0	29	0	28	0	0	31	0	0	0.6	1	1	0.7
1430	#TABLE_ITEMINFO_TXT_001810#	7	6	0	1	18	0	17	0	16	0	0	19	0	0	0.6	1	1	0.7
1431	#TABLE_ITEMINFO_TXT_001811#	7	6	0	1	18	0	17	0	16	0	0	19	0	0	0.6	1	1	0.7
1432	#TABLE_ITEMINFO_TXT_001812#	7	6	0	1	18	0	17	0	16	0	0	19	0	0	0.6	1	1	0.7
1433	#TABLE_ITEMINFO_TXT_001813#	7	6	0	1	18	0	17	0	16	0	0	19	0	0	0.6	1	1	0.7
1437	#TABLE_ITEMINFO_TXT_001817#	7	6	0	1	18	0	17	0	16	0	0	19	0	0	0.6	1	1	0.7
1438	#TABLE_ITEMINFO_TXT_001818#	7	6	0	1	18	0	17	0	16	0	0	19	0	0	0.6	1	1	0.7
1439	#TABLE_ITEMINFO_TXT_001819#	7	6	0	1	18	0	17	0	16	0	0	19	0	0	0.6	1	1	0.7
1440	#TABLE_ITEMINFO_TXT_001820#	7	6	0	1	18	0	17	0	16	0	0	19	0	0	0.6	1	1	0.7
1441	#TABLE_ITEMINFO_TXT_001821#	7	6	0	1	18	0	17	0	16	0	0	19	0	0	0.6	1	1	0.7
1442	#TABLE_ITEMINFO_TXT_001822#	7	6	0	1	18	0	17	0	16	0	0	19	0	0	0.6	1	1	0.7
1446	#TABLE_ITEMINFO_TXT_001826#	4	10	0	13	30	0	29	0	28	0	0	31	0	0	0.6	1	1	0.7
1447	#TABLE_ITEMINFO_TXT_001827#	4	10	0	13	30	0	29	0	28	0	0	31	0	0	0.6	1	1	0.7
1448	#TABLE_ITEMINFO_TXT_001828#	4	10	0	13	30	0	29	0	28	0	0	31	0	0	0.6	1	1	0.7
1449	#TABLE_ITEMINFO_TXT_001829#	4	10	0	13	30	0	29	0	28	0	0	31	0	0	0.6	1	1	0.7
1460	#TABLE_ITEMINFO_TXT_001840#	4	10	0	13	30	0	29	0	28	0	0	31	0	0	0.6	1	1	0.7
1461	#TABLE_ITEMINFO_TXT_001841#	4	10	0	13	30	0	29	0	28	0	0	31	0	0	0.6	1	1	0.7
1465	#TABLE_ITEMINFO_TXT_001845#	7	6	0	1	18	0	17	0	16	0	0	19	0	0	0.6	1	1	0.7
1466	#TABLE_ITEMINFO_TXT_001846#	7	6	0	1	18	0	17	0	16	0	0	19	0	0	0.6	1	1	0.7
1467	#TABLE_ITEMINFO_TXT_001847#	7	6	0	1	18	0	17	0	16	0	0	19	0	0	0.6	1	1	0.7
1468	#TABLE_ITEMINFO_TXT_001848#	7	6	0	1	18	0	17	0	16	0	0	19	0	0	0.6	1	1	0.7
1472	#TABLE_ITEMINFO_TXT_001852#	7	6	0	1	18	0	17	0	16	0	0	19	0	0	0.6	1	1	0.7
1473	#TABLE_ITEMINFO_TXT_001853#	7	6	0	1	18	0	17	0	16	0	0	19	0	0	0.6	1	1	0.7
1474	#TABLE_ITEMINFO_TXT_001854#	7	6	0	1	18	0	17	0	16	0	0	19	0	0	0.6	1	1	0.7
1475	#TABLE_ITEMINFO_TXT_001855#	7	6	0	1	18	0	17	0	16	0	0	19	0	0	0.6	1	1	0.7
1476	#TABLE_ITEMINFO_TXT_001856#	7	6	0	1	18	0	17	0	16	0	0	19	0	0	0.6	1	1	0.7
1477	#TABLE_ITEMINFO_TXT_001857#	7	6	0	1	18	0	17	0	16	0	0	19	0	0	0.6	1	1	0.7
1892	#TABLE_ITEMINFO_TXT_002549#	2	8	0	11	22	0	21	0	20	0	0	23	0	0	0.6	1	1	0.7
1893	#TABLE_ITEMINFO_TXT_002550#	2	8	0	11	22	0	21	0	20	0	0	23	0	0	0.6	1	1	0.7
1894	#TABLE_ITEMINFO_TXT_002551#	2	8	0	11	22	0	21	0	20	0	0	23	0	0	0.6	1	1	0.7
1895	#TABLE_ITEMINFO_TXT_002552#	3	9	0	12	26	0	25	0	24	0	0	27	0	0	0.6	1	1	0.7
1896	#TABLE_ITEMINFO_TXT_002553#	3	9	0	12	26	0	25	0	24	0	0	27	0	0	0.6	1	1	0.7
1897	#TABLE_ITEMINFO_TXT_002554#	3	9	0	12	26	0	25	0	24	0	0	27	0	0	0.6	1	1	0.7
1903	#TABLE_ITEMINFO_TXT_002560#	5	14	0	15	34	0	33	0	32	0	0	35	0	0	0.6	1	1	0.7
1904	#TABLE_ITEMINFO_TXT_002561#	5	14	0	15	34	0	33	0	32	0	0	35	0	0	0.6	1	1	0.7
1905	#TABLE_ITEMINFO_TXT_002562#	5	14	0	15	34	0	33	0	32	0	0	35	0	0	0.6	1	1	0.7
1907	#TABLE_ITEMINFO_TXT_002564#	7	6	0	1	18	0	17	0	16	0	0	19	0	0	0.6	1	1	0.7
1908	#TABLE_ITEMINFO_TXT_002565#	7	6	0	1	18	0	17	0	16	0	0	19	0	0	0.6	1	1	0.7
1909	#TABLE_ITEMINFO_TXT_002566#	7	6	0	1	18	0	17	0	16	0	0	19	0	0	0.6	1	1	0.7
1914	#TABLE_ITEMINFO_TXT_002571#	7	6	0	1	18	0	17	0	16	0	0	19	0	0	0.6	1	1	0.7
1915	#TABLE_ITEMINFO_TXT_002572#	7	6	0	1	18	0	17	0	16	0	0	19	0	0	0.6	1	1	0.7
1916	#TABLE_ITEMINFO_TXT_002573#	7	6	0	1	18	0	17	0	16	0	0	19	0	0	0.6	1	1	0.7
1921	#TABLE_ITEMINFO_TXT_002578#	4	10	0	13	30	0	29	0	28	0	0	31	0	0	0.6	1	1	0.7
1922	#TABLE_ITEMINFO_TXT_002579#	4	10	0	13	30	0	29	0	28	0	0	31	0	0	0.6	1	1	0.7
1923	#TABLE_ITEMINFO_TXT_002580#	4	10	0	13	30	0	29	0	28	0	0	31	0	0	0.6	1	1	0.7
2303	#TABLE_ITEMREFINEINFO_TXT_000001#	3	9	0	12	26	0	25	0	24	0	0	27	0	0	0.6	1	1	0.7
2304	#TABLE_ITEMINFO_TXT_000008#	3	9	0	12	26	0	25	0	24	0	0	27	0	0	0.6	1	1	0.7
2305	#TABLE_ITEMREFINEINFO_TXT_000002#	3	9	0	12	26	0	25	0	24	0	0	27	0	0	0.6	1	1	0.7
2306	#TABLE_ITEMINFO_TXT_000010#	3	9	0	12	26	0	25	0	24	0	0	27	0	0	0.6	1	1	0.7
2314	#TABLE_ITEMREFINEINFO_TXT_000003#	2	8	0	11	22	0	21	0	20	0	0	23	0	0	0.6	1	1	0.7
2315	#TABLE_ITEMINFO_TXT_000022#	2	8	0	11	22	0	21	0	20	0	0	23	0	0	0.6	1	1	0.7
2316	#TABLE_ITEMREFINEINFO_TXT_000004#	2	8	0	11	22	0	21	0	20	0	0	23	0	0	0.6	1	1	0.7
2317	#TABLE_ITEMINFO_TXT_000026#	2	8	0	11	22	0	21	0	20	0	0	23	0	0	0.6	1	1	0.7
2318	#TABLE_ITEMINFO_TXT_000027#	2	8	0	11	22	0	21	0	20	0	0	23	0	0	0.6	1	1	0.7
2319	#TABLE_ITEMREFINEINFO_TXT_000005#	2	8	0	11	22	0	21	0	20	0	0	23	0	0	0.6	1	1	0.7
2320	#TABLE_ITEMINFO_TXT_000029#	2	8	0	11	22	0	21	0	20	0	0	23	0	0	0.6	1	1	0.7
2321	#TABLE_ITEMINFO_TXT_000030#	3	9	0	12	26	0	25	0	24	0	0	27	0	0	0.6	1	1	0.7
2322	#TABLE_ITEMREFINEINFO_TXT_000006#	3	9	0	12	26	0	25	0	24	0	0	27	0	0	0.6	1	1	0.7
2338	#TABLE_ITEMREFINEINFO_TXT_000007#	5	14	0	15	34	0	33	0	32	0	0	35	0	0	0.6	1	1	0.7
2375	#TABLE_ITEMREFINEINFO_TXT_000008#	4	10	0	13	30	0	29	0	28	0	0	31	0	0	0.6	1	1	0.7
2376	#TABLE_ITEMINFO_TXT_000128#	4	10	0	13	30	0	29	0	28	0	0	31	0	0	0.6	1	1	0.7
2377	#TABLE_ITEMINFO_TXT_000130#	4	10	0	13	30	0	29	0	28	0	0	31	0	0	0.6	1	1	0.7
2378	#TABLE_ITEMINFO_TXT_000131#	4	10	0	13	30	0	29	0	28	0	0	31	0	0	0.6	1	1	0.7
2382	#TABLE_ITEMREFINEINFO_TXT_000009#	4	10	0	13	30	0	29	0	28	0	0	31	0	0	0.6	1	1	0.7
2383	#TABLE_ITEMREFINEINFO_TXT_000010#	4	10	0	13	30	0	29	0	28	0	0	31	0	0	0.6	1	1	0.7
2399	#TABLE_ITEMREFINEINFO_TXT_000011#	7	6	0	1	18	0	17	0	16	0	0	19	0	0	0.6	1	1	0.7
2400	#TABLE_ITEMREFINEINFO_TXT_000012#	7	6	0	1	18	0	17	0	16	0	0	19	0	0	0.6	1	1	0.7
2401	#TABLE_ITEMINFO_TXT_000168#	7	6	0	1	18	0	17	0	16	0	0	19	0	0	0.6	1	1	0.7
2402	#TABLE_ITEMINFO_TXT_000170#	7	6	0	1	18	0	17	0	16	0	0	19	0	0	0.6	1	1	0.7
2406	#TABLE_ITEMREFINEINFO_TXT_000013#	7	6	0	1	18	0	17	0	16	0	0	19	0	0	0.6	1	1	0.7
2407	#TABLE_ITEMREFINEINFO_TXT_000014#	7	6	0	1	18	0	17	0	16	0	0	19	0	0	0.6	1	1	0.7
3799	#TABLE_ITEMINFO_TXT_004668#	3	9	0	12	26	0	25	0	24	0	0	27	0	0	0.6	1	1	0.7
3800	#TABLE_ITEMINFO_TXT_004669#	3	9	0	12	26	0	25	0	24	0	0	27	0	0	0.6	1	1	0.7
3801	#TABLE_ITEMINFO_TXT_004670#	3	9	0	12	26	0	25	0	24	0	0	27	0	0	0.6	1	1	0.7
3802	#TABLE_ITEMINFO_TXT_004671#	2	8	0	11	22	0	21	0	20	0	0	23	0	0	0.6	1	1	0.7
3803	#TABLE_ITEMINFO_TXT_004672#	2	8	0	11	22	0	21	0	20	0	0	23	0	0	0.6	1	1	0.7
3804	#TABLE_ITEMINFO_TXT_004673#	2	8	0	11	22	0	21	0	20	0	0	23	0	0	0.6	1	1	0.7
3806	#TABLE_ITEMINFO_TXT_004675#	5	14	0	15	34	0	33	0	32	0	0	35	0	0	0.6	1	1	0.7
3807	#TABLE_ITEMINFO_TXT_004676#	5	14	0	15	34	0	33	0	32	0	0	35	0	0	0.6	1	1	0.7
3808	#TABLE_ITEMINFO_TXT_004677#	5	14	0	15	34	0	33	0	32	0	0	35	0	0	0.6	1	1	0.7
3810	#TABLE_ITEMINFO_TXT_004679#	7	6	0	1	18	0	17	0	16	0	0	19	0	0	0.6	1	1	0.7
3811	#TABLE_ITEMINFO_TXT_004680#	7	6	0	1	18	0	17	0	16	0	0	19	0	0	0.6	1	1	0.7
3812	#TABLE_ITEMINFO_TXT_004681#	7	6	0	1	18	0	17	0	16	0	0	19	0	0	0.6	1	1	0.7
3813	#TABLE_ITEMINFO_TXT_004682#	7	6	0	1	18	0	17	0	16	0	0	19	0	0	0.6	1	1	0.7
3814	#TABLE_ITEMINFO_TXT_004683#	7	6	0	1	18	0	17	0	16	0	0	19	0	0	0.6	1	1	0.7
3815	#TABLE_ITEMINFO_TXT_004684#	7	6	0	1	18	0	17	0	16	0	0	19	0	0	0.6	1	1	0.7
3817	#TABLE_ITEMINFO_TXT_004686#	4	10	0	13	30	0	29	0	28	0	0	31	0	0	0.6	1	1	0.7
3818	#TABLE_ITEMINFO_TXT_004687#	4	10	0	13	30	0	29	0	28	0	0	31	0	0	0.6	1	1	0.7
3819	#TABLE_ITEMINFO_TXT_004688#	4	10	0	13	30	0	29	0	28	0	0	31	0	0	0.6	1	1	0.7
4197	#TABLE_ITEMINFO_TXT_005250#	7	6	0	1	18	0	17	0	16	0	0	19	0	0	0.6	1	1	0.7
4198	#TABLE_ITEMINFO_TXT_005251#	7	6	0	1	18	0	17	0	16	0	0	19	0	0	0.6	1	1	0.7
4199	#TABLE_ITEMINFO_TXT_005252#	7	6	0	1	18	0	17	0	16	0	0	19	0	0	0.6	1	1	0.7
4200	#TABLE_ITEMINFO_TXT_005253#	7	6	0	1	18	0	17	0	16	0	0	19	0	0	0.6	1	1	0.7
4201	#TABLE_ITEMINFO_TXT_005254#	7	6	0	1	18	0	17	0	16	0	0	19	0	0	0.6	1	1	0.7
4202	#TABLE_ITEMINFO_TXT_005255#	7	6	0	1	18	0	17	0	16	0	0	19	0	0	0.6	1	1	0.7
4203	#TABLE_ITEMINFO_TXT_005256#	7	6	0	1	18	0	17	0	16	0	0	19	0	0	0.6	1	1	0.7
4204	#TABLE_ITEMINFO_TXT_005257#	7	6	0	1	18	0	17	0	16	0	0	19	0	0	0.6	1	1	0.7
4205	#TABLE_ITEMINFO_TXT_005258#	7	6	0	1	18	0	17	0	16	0	0	19	0	0	0.6	1	1	0.7
4206	#TABLE_ITEMINFO_TXT_005259#	7	6	0	1	18	0	17	0	16	0	0	19	0	0	0.6	1	1	0.7
4207	#TABLE_ITEMINFO_TXT_005260#	7	6	0	1	18	0	17	0	16	0	0	19	0	0	0.6	1	1	0.7
4208	#TABLE_ITEMINFO_TXT_005261#	7	6	0	1	18	0	17	0	16	0	0	19	0	0	0.6	1	1	0.7
4209	#TABLE_ITEMINFO_TXT_005262#	2	8	0	11	22	0	21	0	20	0	0	23	0	0	0.6	1	1	0.7
4210	#TABLE_ITEMINFO_TXT_005263#	2	8	0	11	22	0	21	0	20	0	0	23	0	0	0.6	1	1	0.7
4211	#TABLE_ITEMINFO_TXT_005264#	2	8	0	11	22	0	21	0	20	0	0	23	0	0	0.6	1	1	0.7
4212	#TABLE_ITEMINFO_TXT_005265#	3	9	0	12	26	0	25	0	24	0	0	27	0	0	0.6	1	1	0.7
4213	#TABLE_ITEMINFO_TXT_005266#	3	9	0	12	26	0	25	0	24	0	0	27	0	0	0.6	1	1	0.7
4214	#TABLE_ITEMINFO_TXT_005267#	5	14	0	15	34	0	33	0	32	0	0	35	0	0	0.6	1	1	0.7
4215	#TABLE_ITEMINFO_TXT_005268#	5	14	0	15	34	0	33	0	32	0	0	35	0	0	0.6	1	1	0.7
4216	#TABLE_ITEMINFO_TXT_005269#	4	10	0	13	30	0	29	0	28	0	0	31	0	0	0.6	1	1	0.7
4217	#TABLE_ITEMINFO_TXT_005270#	4	10	0	13	30	0	29	0	28	0	0	31	0	0	0.6	1	1	0.7
4218	#TABLE_ITEMINFO_TXT_005271#	4	10	0	13	30	0	29	0	28	0	0	31	0	0	0.6	1	1	0.7
4300	#TABLE_ITEMINFO_TXT_005362#	7	6	0	1	18	0	17	0	16	0	0	19	0	0	0.6	1	1	0.7
4301	#TABLE_ITEMINFO_TXT_005363#	7	6	0	1	18	0	17	0	16	0	0	19	0	0	0.6	1	1	0.7
4302	#TABLE_ITEMINFO_TXT_005364#	7	6	0	1	18	0	17	0	16	0	0	19	0	0	0.6	1	1	0.7
4303	#TABLE_ITEMINFO_TXT_005365#	7	6	0	1	18	0	17	0	16	0	0	19	0	0	0.6	1	1	0.7
4304	#TABLE_ITEMINFO_TXT_005362#	7	6	0	1	18	0	17	0	16	0	0	19	0	0	0.6	1	1	0.7
4305	#TABLE_ITEMINFO_TXT_005363#	7	6	0	1	18	0	17	0	16	0	0	19	0	0	0.6	1	1	0.7
4306	#TABLE_ITEMINFO_TXT_005364#	7	6	0	1	18	0	17	0	16	0	0	19	0	0	0.6	1	1	0.7
4307	#TABLE_ITEMINFO_TXT_005365#	7	6	0	1	18	0	17	0	16	0	0	19	0	0	0.6	1	1	0.7
5001	#TABLE_ITEMREFINEINFO_TXT_000015#	3	9	0	12	26	0	25	0	24	0	0	27	0	0	0.7	1.1	1	0.7
5002	#TABLE_ITEMREFINEINFO_TXT_000016#	3	9	0	12	26	0	25	0	24	0	0	27	0	0	0.6	1	1	0.7
5003	#TABLE_ITEMREFINEINFO_TXT_000017#	2	8	0	11	22	0	21	0	20	0	0	23	0	0	0.6	1	1	0.7
5004	#TABLE_ITEMREFINEINFO_TXT_000018#	4	10	0	13	30	0	29	0	28	0	0	31	0	0	0.6	1	1	0.7
5005	#TABLE_ITEMREFINEINFO_TXT_000019#	5	14	0	15	34	0	33	0	32	0	0	35	0	0	0.6	1	1	0.7
5006	#TABLE_ITEMREFINEINFO_TXT_000020#	7	6	0	1	18	0	17	0	16	0	0	19	0	0	0.6	1	1	0.7
5007	#TABLE_ITEMREFINEINFO_TXT_000021#	3	9	0	12	26	0	25	0	24	0	0	27	0	0	0.7	1.1	1	0.7
5008	#TABLE_ITEMREFINEINFO_TXT_000022#	3	9	0	12	26	0	25	0	24	0	0	27	0	0	0.6	1	1	0.7
5009	#TABLE_ITEMREFINEINFO_TXT_000023#	2	8	0	11	22	0	21	0	20	0	0	23	0	0	0.6	1	1	0.7
5010	#TABLE_ITEMREFINEINFO_TXT_000024#	4	10	0	13	30	0	29	0	28	0	0	31	0	0	0.6	1	1	0.7
5011	#TABLE_ITEMREFINEINFO_TXT_000025#	5	14	0	15	34	0	33	0	32	0	0	35	0	0	0.6	1	1	0.7
5012	#TABLE_ITEMREFINEINFO_TXT_000026#	7	6	0	1	18	0	17	0	16	0	0	19	0	0	0.6	1	1	0.7
5276	#TABLE_ITEMINFO_TXT_006297#	2	8	0	11	22	0	21	0	20	0	0	23	0	0	0.6	1	1	0.7
5277	#TABLE_ITEMREFINEINFO_TXT_000027#	4	10	0	13	30	0	29	0	28	0	0	31	0	0	0.6	1	1	0.7
5278	#TABLE_ITEMINFO_TXT_006301#	106	106	106	106	106	106	106	106	106	106	106	106	106	106	0.6	1	1	0.7
5279	#TABLE_ITEMREFINEINFO_TXT_000028#	5	14	0	15	34	0	33	0	32	0	0	35	0	0	0.6	1	1	0.7
5280	#TABLE_ITEMINFO_TXT_006304#	4	10	0	13	30	0	29	0	28	0	0	31	0	0	0.6	1	1	0.7
5281	#TABLE_ITEMINFO_TXT_006306#	5	14	0	15	34	0	33	0	32	0	0	35	0	0	0.6	1	1	0.7
5282	#TABLE_ITEMINFO_TXT_006308#	3	9	0	12	26	0	25	0	24	0	0	27	0	0	0.7	1.1	1	0.7
5283	#TABLE_ITEMINFO_TXT_006310#	4	10	0	13	30	0	29	0	28	0	0	31	0	0	0.6	1	1	0.7
5284	#TABLE_ITEMINFO_TXT_006312#	4	10	0	13	30	0	29	0	28	0	0	31	0	0	0.6	1	1	0.7
5285	#TABLE_ITEMINFO_TXT_006314#	7	6	0	1	18	0	17	0	16	0	0	19	0	0	0.6	1	1	0.7
5286	#TABLE_ITEMREFINEINFO_TXT_000029#	5	14	0	15	34	0	33	0	32	0	0	35	0	0	0.6	1	1	0.7
5449	#TABLE_ITEMINFO_TXT_006479#	3	9	0	12	26	0	25	0	24	0	0	27	0	0	0.6	1	1	0.7
5450	#TABLE_ITEMINFO_TXT_006481#	2	8	0	11	22	0	21	0	20	0	0	23	0	0	0.6	1	1	0.7
5451	#TABLE_ITEMINFO_TXT_006483#	7	6	0	1	18	0	17	0	16	0	0	19	0	0	0.6	1	1	0.7
5452	#TABLE_ITEMINFO_TXT_006485#	7	6	0	1	18	0	17	0	16	0	0	19	0	0	0.6	1	1	0.7
5453	#TABLE_ITEMINFO_TXT_006487#	4	10	0	13	30	0	29	0	28	0	0	31	0	0	0.6	1	1	0.7
5454	#TABLE_ITEMINFO_TXT_006489#	4	10	0	13	30	0	29	0	28	0	0	31	0	0	0.6	1	1	0.7
5455	#TABLE_ITEMINFO_TXT_006491#	4	10	0	13	30	0	29	0	28	0	0	31	0	0	0.6	1	1	0.7
