0001	#TABLE_SHIPITEMINFO_TXT_000001#	2000000000	0	0	0	0	31237	4286	0	78	20	0	0	0	0	0	0	200	2	0	0	0	0
0002	#TABLE_ITEMINFO_TXT_001144#	2000010000	0	0	0	0	46200	5000	0	89	20	0	0	0	0	0	0	200	3	0	0	0	0
0003	#TABLE_ITEMINFO_TXT_001145#	2000020000	0	0	0	0	65362	5731	0	100	20	0	0	0	0	0	0	200	3	0	0	0	0
0004	#TABLE_SHIPITEMINFO_TXT_000002#	2001000000	0	0	0	0	31237	6082	0	127	25	0	0	0	0	0	0	200	2	0	0	0	0
0005	#TABLE_ITEMINFO_TXT_001150#	2001010000	0	0	0	0	46200	7441	0	155	25	0	0	0	0	0	0	200	3	0	0	0	0
0006	#TABLE_SHIPITEMINFO_TXT_000003#	2002000000	0	0	0	0	65362	8945	0	183	25	0	0	0	0	0	0	200	3	0	0	0	0
0007	#TABLE_ITEMINFO_TXT_001159#	2003000000	0	0	0	0	0	1000	0	20	20	0	0	0	0	0	0	200	2	0	0	0	0
0008	#TABLE_SHIPITEMINFO_TXT_000004#	0	0	0	0	0	720	0	0	0	0	0	0	0	0	0	0	300	0	0	0	0	0
0009	#TABLE_SHIPITEMINFO_TXT_000005#	0	0	0	0	0	939	0	0	0	0	0	0	0	0	0	0	330	0	0	0	0	0
0010	#TABLE_SHIPITEMINFO_TXT_000006#	0	0	0	0	0	1201	0	0	0	0	0	0	0	0	0	0	360	0	0	0	0	0
0011	#TABLE_SHIPITEMINFO_TXT_000007#	0	0	0	0	0	1350	0	0	0	0	0	0	0	0	0	0	400	0	0	0	0	0
0012	#TABLE_SHIPITEMINFO_TXT_000008#	0	0	0	0	0	1682	0	0	0	0	0	0	0	0	0	0	430	0	0	0	0	0
0013	#TABLE_SHIPITEMINFO_TXT_000009#	0	0	0	0	0	2067	0	0	0	0	0	0	0	0	0	0	460	0	0	0	0	0
0014	#TABLE_SHIPITEMINFO_TXT_000010#	0	0	0	0	0	2280	0	0	0	0	0	0	0	0	0	0	1000	0	0	0	0	0
0015	#TABLE_SHIPITEMINFO_TXT_000011#	0	0	0	0	0	900	0	0	0	0	0	0	0	0	0	0	0	0	0	450	0	0
0016	#TABLE_SHIPITEMINFO_TXT_000012#	0	0	0	0	0	1331	0	0	0	0	0	0	0	0	0	0	0	0	0	460	0	0
0017	#TABLE_SHIPITEMINFO_TXT_000013#	0	0	0	0	0	1687	0	0	0	0	0	0	0	0	0	0	0	0	0	470	0	0
0018	#TABLE_SHIPITEMINFO_TXT_000014#	0	0	0	0	0	2335	0	0	0	0	0	0	0	0	0	0	0	0	0	480	0	0
0019	#TABLE_SHIPITEMINFO_TXT_000015#	0	0	0	0	0	2850	0	0	0	0	0	0	0	0	0	0	0	0	0	490	0	0
0020	#TABLE_SHIPITEMINFO_TXT_000016#	0	0	0	0	0	3758	0	0	0	0	0	0	0	0	0	0	0	0	0	500	0	0
0021	#TABLE_SHIPITEMINFO_TXT_000017#	2000000002	0022	0	0	0	4462	0	0	0	0	0	0	0	0	0	0	0	0	0	530	0	0
0022	#TABLE_ITEMINFO_TXT_001533#	2000000004	0	0	0	0	0	0	0	0	0	0	0	0	0	0	0	0	0	0	0	0	0
0023	#TABLE_ITEMINFO_TXT_001534#	2000010004	0	0	0	0	0	0	0	0	0	0	0	0	0	0	0	0	0	0	0	0	0
0024	#TABLE_ITEMINFO_TXT_001535#	2000010005	0	0	0	0	0	0	0	0	0	0	0	0	0	0	0	0	0	0	0	0	0
0025	#TABLE_ITEMINFO_TXT_001536#	2000010006	0	0	0	0	0	0	0	0	0	0	0	0	0	0	0	0	0	0	0	0	0
0026	#TABLE_ITEMINFO_TXT_001537#	2000010007	0	0	0	0	0	0	0	0	0	0	0	0	0	0	0	0	0	0	0	0	0
0027	#TABLE_ITEMINFO_TXT_001538#	2000020004	0	0	0	0	0	0	0	0	0	0	0	0	0	0	0	0	0	0	0	0	0
0028	#TABLE_ITEMINFO_TXT_001539#	2000020005	0	0	0	0	0	0	0	0	0	0	0	0	0	0	0	0	0	0	0	0	0
0029	#TABLE_ITEMINFO_TXT_001540#	2001000004	0	0	0	0	0	0	0	0	0	0	0	0	0	0	0	0	0	0	0	0	0
0030	#TABLE_ITEMINFO_TXT_001541#	2001000005	0	0	0	0	0	0	0	0	0	0	0	0	0	0	0	0	0	0	0	0	0
0031	#TABLE_ITEMINFO_TXT_001542#	2001000006	0	0	0	0	0	0	0	0	0	0	0	0	0	0	0	0	0	0	0	0	0
0032	#TABLE_ITEMINFO_TXT_001543#	2001010004	0	0	0	0	0	0	0	0	0	0	0	0	0	0	0	0	0	0	0	0	0
0033	#TABLE_ITEMINFO_TXT_001544#	2001010005	0	0	0	0	0	0	0	0	0	0	0	0	0	0	0	0	0	0	0	0	0
0034	#TABLE_ITEMINFO_TXT_001545#	2001010006	0	0	0	0	0	0	0	0	0	0	0	0	0	0	0	0	0	0	0	0	0
0035	#TABLE_ITEMINFO_TXT_001546#	2001010007	0	0	0	0	0	0	0	0	0	0	0	0	0	0	0	0	0	0	0	0	0
0036	#TABLE_ITEMINFO_TXT_001547#	2002000004	0	0	0	0	0	0	0	0	0	0	0	0	0	0	0	0	0	0	0	0	0
0037	#TABLE_ITEMINFO_TXT_001548#	2002000005	0	0	0	0	0	0	0	0	0	0	0	0	0	0	0	0	0	0	0	0	0
0038	#TABLE_ITEMINFO_TXT_001549#	2002000006	0	0	0	0	0	0	0	0	0	0	0	0	0	0	0	0	0	0	0	0	0
0039	#TABLE_ITEMINFO_TXT_001550#	2002000007	0	0	0	0	0	0	0	0	0	0	0	0	0	0	0	0	0	0	0	0	0
0040	#TABLE_ITEMINFO_TXT_001551#	2003000004	0	0	0	0	0	0	0	0	0	0	0	0	0	0	0	0	0	0	0	0	0
0041	#TABLE_ITEMINFO_TXT_001552#	2003000005	0	0	0	0	0	0	0	0	0	0	0	0	0	0	0	0	0	0	0	0	0
0042	#TABLE_ITEMINFO_TXT_001553#	2003000006	0	0	0	0	0	0	0	0	0	0	0	0	0	0	0	0	0	0	0	0	0
0043	#TABLE_SHIPITEMINFO_TXT_000018#	2004000000	0	0	0	0	6300	2280	0	46	10	0	0	0	0	0	0	200	1	0	0	0	0
0044	#TABLE_SHIPITEMINFO_TXT_000019#	2004020000	0	0	0	0	11812	2925	0	57	15	0	0	0	0	0	0	200	1	0	0	0	0
0045	#TABLE_SHIPITEMINFO_TXT_000020#	2004010000	0	0	0	0	19950	3595	0	68	20	0	0	0	0	0	0	200	1	0	0	0	0
0046	#TABLE_SHIPITEMINFO_TXT_000021#	2004030000	0	0	0	0	6300	2795	0	62	15	0	0	0	0	0	0	200	1	0	0	0	0
0047	#TABLE_SHIPITEMINFO_TXT_000022#	2004050000	0	0	0	0	11812	3766	0	82	20	0	0	0	0	0	0	200	1	0	0	0	0
0048	#TABLE_SHIPITEMINFO_TXT_000023#	2004040000	0	0	0	0	19950	4860	0	88	25	0	0	0	0	0	0	200	1	0	0	0	0
0049	#TABLE_SHIPINFO_TXT_000007#	2004060000	0	0	0	0	0	0	0	10	10	0	0	0	0	0	0	0	0	0	0	0	0
0050	#TABLE_SHIPINFO_TXT_000008#	2004070000	0	0	0	0	0	0	0	10	10	0	0	0	0	0	0	0	0	0	0	0	0
0051	#TABLE_SHIPINFO_TXT_000009#	2004080000	0	0	0	0	0	0	0	10	10	0	0	0	0	0	0	0	0	0	0	0	0
0052	#TABLE_SHIPINFO_TXT_000010#	2004090000	0	0	0	0	0	0	0	10	10	0	0	0	0	0	0	0	0	0	0	0	0
0053	#TABLE_SHIPITEMINFO_TXT_000024#	0	0	0	0	0	1080	0	0	0	0	167	250	0	70	0	0	0	0	0	0	0	0
0054	#TABLE_SHIPITEMINFO_TXT_000025#	0	0	0	0	0	1237	0	0	0	0	185	278	0	73	0	0	0	0	0	0	0	0
0055	#TABLE_SHIPITEMINFO_TXT_000026#	0	0	0	0	0	1598	0	0	0	0	204	307	0	79	0	0	0	0	0	0	0	0
0056	#TABLE_SHIPITEMINFO_TXT_000027#	0	0	0	0	0	2025	0	0	0	0	215	322	0	85	0	0	0	0	0	0	0	0
0057	#TABLE_SHIPITEMINFO_TXT_000028#	0	0	0	0	0	2265	0	0	0	0	235	352	0	88	0	0	0	0	0	0	0	0
0058	#TABLE_SHIPITEMINFO_TXT_000029#	0	0	0	0	0	2802	0	0	0	0	255	383	0	94	0	0	0	0	0	0	0	0
0059	#TABLE_SHIPITEMINFO_TXT_000030#	0	0	0	0	0	3420	0	0	0	0	265	398	0	100	0	0	0	0	0	0	0	0
0060	#TABLE_SHIPITEMINFO_TXT_000031#	0	0	0	0	0	3760	0	0	0	0	287	430	0	103	0	0	0	0	0	0	0	0
0061	#TABLE_SHIPITEMINFO_TXT_000032#	0	0	0	0	0	4510	0	0	0	0	307	461	0	109	0	0	0	0	0	0	0	0
0062	#TABLE_SHIPITEMINFO_TXT_000031#	0	0	0	0	0	5355	0	0	0	0	318	477	0	115	0	0	0	0	0	0	0	0
0063	#TABLE_SHIPITEMINFO_TXT_000033#	0	0	0	0	0	5814	0	0	0	0	340	511	0	118	0	0	0	0	0	0	0	0
0064	#TABLE_SHIPITEMINFO_TXT_000034#	0	0	0	0	0	6812	0	0	0	0	362	543	0	124	0	0	0	0	0	0	0	0
0065	#TABLE_SHIPITEMINFO_TXT_000035#	0	0	0	0	0	7920	0	0	0	0	373	560	0	130	0	0	0	0	0	0	0	0
0066	#TABLE_SHIPITEMINFO_TXT_000036#	0	0	0	0	0	8516	0	0	0	0	396	594	0	100	0	0	0	0	0	0	0	0
0067	#TABLE_SHIPITEMINFO_TXT_000037#	0	0	0	0	0	9798	0	0	0	0	419	629	0	139	0	0	0	0	0	0	0	0
0068	#TABLE_SHIPITEMINFO_TXT_000038#	0	0	0	0	0	11205	0	0	0	0	430	646	0	145	0	0	0	0	0	0	0	0
0069	#TABLE_SHIPITEMINFO_TXT_000039#	0	0	0	0	0	11956	0	0	0	0	455	682	0	148	0	0	0	0	0	0	0	0
0070	#TABLE_SHIPITEMINFO_TXT_000040#	0	0	0	0	0	13559	0	0	0	0	478	717	0	154	0	0	0	0	0	0	0	0
0071	#TABLE_SHIPITEMINFO_TXT_000041#	0	0	0	0	0	1080	0	0	0	0	138	207	0	70	0	0	0	0	0	0	0	0
0072	#TABLE_SHIPITEMINFO_TXT_000042#	0	0	0	0	0	1237	0	0	0	0	151	227	0	73	0	0	0	0	0	0	0	0
0073	#TABLE_SHIPITEMINFO_TXT_000043#	0	0	0	0	0	990	0	0	0	0	0	0	0	0	0	0	0	0	0	0	0	0
0074	#TABLE_SHIPITEMINFO_TXT_000044#	0	0	0	0	0	1134	0	0	0	0	0	0	0	0	0	0	0	0	0	0	0	0
0075	#TABLE_SHIPITEMINFO_TXT_000045#	0	0	0	0	0	1292	0	0	0	0	0	0	0	0	0	0	0	0	0	0	0	0
0076	#TABLE_SHIPITEMINFO_TXT_000046#	0	0	0	0	0	1464	0	0	0	0	0	0	0	0	0	0	0	0	0	0	0	0
0077	#TABLE_SHIPITEMINFO_TXT_000047#	0	0	0	0	0	1652	0	0	0	0	0	0	0	0	0	0	0	0	0	0	0	0
0078	#TABLE_SHIPITEMINFO_TXT_000048#	0	0	0	0	0	1856	0	0	0	0	0	0	0	0	0	0	0	0	0	0	0	0
0079	#TABLE_SHIPITEMINFO_TXT_000049#	0	0	0	0	0	2076	0	0	0	0	0	0	0	0	0	0	0	0	0	0	0	0
0080	#TABLE_SHIPITEMINFO_TXT_000050#	0	0	0	0	0	2313	0	0	0	0	0	0	0	0	0	0	0	0	0	0	0	0
0081	#TABLE_SHIPITEMINFO_TXT_000051#	0	0	0	0	0	2568	0	0	0	0	0	0	0	0	0	0	0	0	0	0	0	0
0082	#TABLE_SHIPITEMINFO_TXT_000052#	0	0	0	0	0	2842	0	0	0	0	0	0	0	0	0	0	0	0	0	0	0	0
0083	#TABLE_SHIPITEMINFO_TXT_000053#	0	0	0	0	0	3135	0	0	0	0	0	0	0	0	0	0	0	0	0	0	0	0
0084	#TABLE_SHIPITEMINFO_TXT_000054#	0	0	0	0	0	3447	0	0	0	0	0	0	0	0	0	0	0	0	0	0	0	0
0085	#TABLE_SHIPITEMINFO_TXT_000055#	0	0	0	0	0	3780	0	0	0	0	0	0	0	0	0	0	0	0	0	0	0	0
0086	#TABLE_SHIPITEMINFO_TXT_000056#	0	0	0	0	0	4134	0	0	0	0	0	0	0	0	0	0	0	0	0	0	0	0
0087	#TABLE_SHIPITEMINFO_TXT_000057#	0	0	0	0	0	4510	0	0	0	0	0	0	0	0	0	0	0	0	0	0	0	0
0088	#TABLE_SHIPITEMINFO_TXT_000058#	0	0	0	0	0	4908	0	0	0	0	0	0	0	0	0	0	0	0	0	0	0	0
0089	#TABLE_SHIPITEMINFO_TXT_000059#	0	0	0	0	0	5330	0	0	0	0	0	0	0	0	0	0	0	0	0	0	0	0
0090	#TABLE_SHIPITEMINFO_TXT_000060#	0	0	0	0	0	5775	0	0	0	0	0	0	0	0	0	0	0	0	0	0	0	0
0091	#TABLE_SHIPITEMINFO_TXT_000061#	0	0	0	0	0	6244	0	0	0	0	0	0	0	0	0	0	0	0	0	0	0	0
0092	#TABLE_SHIPITEMINFO_TXT_000062#	0	0	0	0	0	6739	0	0	0	0	0	0	0	0	0	0	0	0	0	0	0	0
0093	#TABLE_SHIPITEMINFO_TXT_000063#	0	0	0	0	0	0	0	0	0	0	0	0	0	0	0	0	0	0	0	0	0	0
0094	#TABLE_SHIPITEMINFO_TXT_000064#	0	0	0	0	0	0	0	0	0	0	0	0	0	0	0	0	0	0	0	0	0	0
0095	#TABLE_SHIPITEMINFO_TXT_000065#	0	0	0	0	0	0	0	0	0	0	0	0	0	0	0	0	0	0	0	0	0	0
0096	#TABLE_SHIPITEMINFO_TXT_000066#	0	0	0	0	0	0	0	0	0	0	0	0	0	0	0	0	0	0	0	0	0	0
0097	#TABLE_SHIPITEMINFO_TXT_000067#	0	0	0	0	0	0	0	0	0	0	0	0	0	0	0	0	0	0	0	0	0	0
0098	#TABLE_SHIPITEMINFO_TXT_000068#	0	0	0	0	0	0	0	0	0	0	0	0	0	0	0	0	0	0	0	0	0	0
0099	#TABLE_SHIPITEMINFO_TXT_000069#	0	0	0	0	0	0	0	0	0	0	0	0	0	0	0	0	0	0	0	0	0	0
0100	#TABLE_SHIPITEMINFO_TXT_000070#	0	0	0	0	0	0	0	0	0	0	0	0	0	0	0	0	0	0	0	0	0	0
0101	#TABLE_SHIPITEMINFO_TXT_000071#	0	0	0	0	0	0	0	0	0	0	0	0	0	0	0	0	0	0	0	0	0	0
0102	#TABLE_SHIPITEMINFO_TXT_000072#	0	0	0	0	0	0	0	0	0	0	0	0	0	0	0	0	0	0	0	0	0	0
0103	#TABLE_SHIPITEMINFO_TXT_000073#	0	0	0	0	0	0	0	0	0	0	0	0	0	0	0	0	0	0	0	0	0	0
0104	#TABLE_SHIPITEMINFO_TXT_000074#	0	0	0	0	0	0	0	0	0	0	0	0	0	0	0	0	0	0	0	0	0	0
0105	#TABLE_SHIPITEMINFO_TXT_000075#	0	0	0	0	0	0	0	0	0	0	0	0	0	0	0	0	0	0	0	0	0	0
0106	#TABLE_SHIPITEMINFO_TXT_000076#	0	0	0	0	0	0	0	0	0	0	0	0	0	0	0	0	0	0	0	0	0	0
0107	#TABLE_SHIPITEMINFO_TXT_000077#	0	0	0	0	0	0	0	0	0	0	0	0	0	0	0	0	0	0	0	0	0	0
0108	#TABLE_SHIPITEMINFO_TXT_000078#	0	0	0	0	0	0	0	0	0	0	0	0	0	0	0	0	0	0	0	0	0	0
0109	#TABLE_SHIPITEMINFO_TXT_000079#	0	0	0	0	0	0	0	0	0	0	0	0	0	0	0	0	0	0	0	0	0	0
0110	#TABLE_SHIPITEMINFO_TXT_000080#	0	0	0	0	0	0	0	0	0	0	0	0	0	0	0	0	0	0	0	0	0	0
0111	#TABLE_SHIPITEMINFO_TXT_000081#	0	0	0	0	0	0	0	0	0	0	0	0	0	0	0	0	0	0	0	0	0	0
0112	#TABLE_SHIPITEMINFO_TXT_000082#	0	0	0	0	0	0	0	0	0	0	0	0	0	0	0	0	0	0	0	0	0	0
0113	#TABLE_SHIPITEMINFO_TXT_000083#	0	0	0	0	0	2749	0	0	0	0	0	0	0	0	0	0	1000	0	0	0	0	0
0114	#TABLE_SHIPITEMINFO_TXT_000084#	0	0	0	0	0	3280	0	0	0	0	0	0	0	0	0	0	1100	0	0	0	0	0
0115	#TABLE_SHIPITEMINFO_TXT_000085#	2000000001	0	0	0	0	3570	0	0	0	0	0	0	0	0	0	0	1200	0	0	0	0	0
0116	#TABLE_SHIPITEMINFO_TXT_000086#	2000000001	0	0	0	0	4200	0	0	0	0	0	0	0	0	0	0	1200	0	0	0	0	0
0117	#TABLE_SHIPITEMINFO_TXT_000087#	2000000001	0	0	0	0	4901	0	0	0	0	0	0	0	0	0	0	1200	0	0	0	0	0
0118	#TABLE_SHIPITEMINFO_TXT_000088#	2000010001	0	0	0	0	5280	0	0	0	0	0	0	0	0	0	0	2100	0	0	0	0	0
0119	#TABLE_SHIPITEMINFO_TXT_000089#	2000010001	0	0	0	0	6095	0	0	0	0	0	0	0	0	0	0	2100	0	0	0	0	0
0120	#TABLE_SHIPITEMINFO_TXT_000090#	2000010001	0	0	0	0	6990	0	0	0	0	0	0	0	0	0	0	2100	0	0	0	0	0
0121	#TABLE_SHIPITEMINFO_TXT_000091#	2000020001	0	0	0	0	7470	0	0	0	0	0	0	0	0	0	0	2100	0	0	0	0	0
0122	#TABLE_SHIPITEMINFO_TXT_000092#	2000020001	0	0	0	0	8493	0	0	0	0	0	0	0	0	0	0	2100	0	0	0	0	0
0123	#TABLE_SHIPITEMINFO_TXT_000093#	2000020001	0	0	0	0	9607	0	0	0	0	0	0	0	0	0	0	2100	0	0	0	0	0
0124	#TABLE_SHIPITEMINFO_TXT_000094#	0	0	0	0	0	720	0	0	0	0	0	0	0	0	0	0	300	0	0	0	0	0
0125	#TABLE_SHIPITEMINFO_TXT_000095#	0	0	0	0	0	939	0	0	0	0	0	0	0	0	0	0	330	0	0	0	0	0
0126	#TABLE_SHIPITEMINFO_TXT_000096#	0	0	0	0	0	1201	0	0	0	0	0	0	0	0	0	0	360	0	0	0	0	0
0127	#TABLE_SHIPITEMINFO_TXT_000097#	0	0	0	0	0	1350	0	0	0	0	0	0	0	0	0	0	400	0	0	0	0	0
0128	#TABLE_SHIPITEMINFO_TXT_000098#	0	0	0	0	0	1682	0	0	0	0	0	0	0	0	0	0	430	0	0	0	0	0
0129	#TABLE_SHIPITEMINFO_TXT_000099#	0	0	0	0	0	2067	0	0	0	0	0	0	0	0	0	0	460	0	0	0	0	0
0130	#TABLE_SHIPITEMINFO_TXT_000100#	0	0	0	0	0	2280	0	0	0	0	0	0	0	0	0	0	1000	0	0	0	0	0
0131	#TABLE_SHIPITEMINFO_TXT_000101#	0	0	0	0	0	2749	0	0	0	0	0	0	0	0	0	0	1060	0	0	0	0	0
0132	#TABLE_SHIPITEMINFO_TXT_000102#	0	0	0	0	0	3280	0	0	0	0	0	0	0	0	0	0	1130	0	0	0	0	0
0133	#TABLE_SHIPITEMINFO_TXT_000103#	2001000001	0	0	0	0	3570	0	0	0	0	0	0	0	0	0	0	1200	0	0	0	0	0
0134	#TABLE_SHIPITEMINFO_TXT_000104#	2001000001	0	0	0	0	4200	0	0	0	0	0	0	0	0	0	0	1200	0	0	0	0	0
0135	#TABLE_SHIPITEMINFO_TXT_000105#	2001000001	0	0	0	0	4901	0	0	0	0	0	0	0	0	0	0	1200	0	0	0	0	0
0136	#TABLE_SHIPITEMINFO_TXT_000106#	2001010001	0	0	0	0	5280	0	0	0	0	0	0	0	0	0	0	2100	0	0	0	0	0
0137	#TABLE_SHIPITEMINFO_TXT_000107#	2001010001	0	0	0	0	6095	0	0	0	0	0	0	0	0	0	0	2100	0	0	0	0	0
0138	#TABLE_SHIPITEMINFO_TXT_000108#	2001010001	0	0	0	0	6990	0	0	0	0	0	0	0	0	0	0	2100	0	0	0	0	0
0139	#TABLE_SHIPITEMINFO_TXT_000109#	2002000001	0	0	0	0	7470	0	0	0	0	0	0	0	0	0	0	2100	0	0	0	0	0
0140	#TABLE_SHIPITEMINFO_TXT_000110#	2002000001	0	0	0	0	8493	0	0	0	0	0	0	0	0	0	0	2100	0	0	0	0	0
0141	#TABLE_SHIPITEMINFO_TXT_000111#	2002000001	0	0	0	0	9607	0	0	0	0	0	0	0	0	0	0	2100	0	0	0	0	0
0142	#TABLE_SHIPITEMINFO_TXT_000112#	2000000002	0022	0	0	0	5677	0	0	0	0	0	0	0	0	0	0	0	0	0	535	0	0
0143	#TABLE_SHIPITEMINFO_TXT_000113#	2000010002	0023	0024	0025	0026	6600	0	0	0	0	0	0	0	0	0	0	0	0	0	540	0	0
0144	#TABLE_SHIPITEMINFO_TXT_000114#	2000010002	0023	0024	0025	0026	7618	0	0	0	0	0	0	0	0	0	0	0	0	0	545	0	0
0145	#TABLE_SHIPITEMINFO_TXT_000115#	2000020002	0027	0028	0	0	9337	0	0	0	0	0	0	0	0	0	0	0	0	0	550	0	0
0146	#TABLE_SHIPITEMINFO_TXT_000116#	0	0	0	0	0	900	0	0	0	0	0	0	0	0	0	0	0	0	0	450	0	0
0147	#TABLE_SHIPITEMINFO_TXT_000117#	0	0	0	0	0	1331	0	0	0	0	0	0	0	0	0	0	0	0	0	455	0	0
0148	#TABLE_SHIPITEMINFO_TXT_000118#	0	0	0	0	0	1687	0	0	0	0	0	0	0	0	0	0	0	0	0	450	0	0
0149	#TABLE_SHIPITEMINFO_TXT_000119#	0	0	0	0	0	2335	0	0	0	0	0	0	0	0	0	0	0	0	0	455	0	0
0150	#TABLE_SHIPITEMINFO_TXT_000120#	0	0	0	0	0	2850	0	0	0	0	0	0	0	0	0	0	0	0	0	450	0	0
0151	#TABLE_SHIPITEMINFO_TXT_000121#	0	0	0	0	0	3758	0	0	0	0	0	0	0	0	0	0	0	0	0	460	0	0
0152	#TABLE_SHIPITEMINFO_TXT_000122#	2001000002	0029	0030	0031	0	4462	0	0	0	0	0	0	0	0	0	0	0	0	0	555	0	0
0153	#TABLE_SHIPITEMINFO_TXT_000123#	2001000002	0029	0030	0031	0	5677	0	0	0	0	0	0	0	0	0	0	0	0	0	560	0	0
0154	#TABLE_SHIPITEMINFO_TXT_000124#	2001010002	0032	0033	0034	0035	6600	0	0	0	0	0	0	0	0	0	0	0	0	0	565	0	0
0155	#TABLE_SHIPITEMINFO_TXT_000125#	2001010002	0032	0033	0034	0035	7618	0	0	0	0	0	0	0	0	0	0	0	0	0	570	0	0
0156	#TABLE_SHIPITEMINFO_TXT_000126#	2002000002	0036	0037	0038	0039	9337	0	0	0	0	0	0	0	0	0	0	0	0	0	575	0	0
0157	#TABLE_SHIPITEMINFO_TXT_000127#	0	0	0	0	0	1598	0	0	0	0	164	246	0	79	0	0	0	0	0	0	0	0
0158	#TABLE_SHIPITEMINFO_TXT_000128#	0	0	0	0	0	2025	0	0	0	0	170	256	0	85	0	0	0	0	0	0	0	0
0159	#TABLE_SHIPITEMINFO_TXT_000129#	0	0	0	0	0	2265	0	0	0	0	183	275	0	88	0	0	0	0	0	0	0	0
0160	#TABLE_SHIPITEMINFO_TXT_000130#	0	0	0	0	0	2802	0	0	0	0	196	294	0	94	0	0	0	0	0	0	0	0
0161	#TABLE_SHIPITEMINFO_TXT_000131#	0	0	0	0	0	3420	0	0	0	0	202	303	0	100	0	0	0	0	0	0	0	0
0162	#TABLE_SHIPITEMINFO_TXT_000132#	0	0	0	0	0	3760	0	0	0	0	215	322	0	103	0	0	0	0	0	0	0	0
0163	#TABLE_SHIPITEMINFO_TXT_000133#	0	0	0	0	0	4510	0	0	0	0	227	341	0	109	0	0	0	0	0	0	0	0
0164	#TABLE_SHIPITEMINFO_TXT_000127#	0	0	0	0	0	5355	0	0	0	0	233	349	0	115	0	0	0	0	0	0	0	0
0165	#TABLE_SHIPITEMINFO_TXT_000134#	0	0	0	0	0	5814	0	0	0	0	246	369	0	118	0	0	0	0	0	0	0	0
0166	#TABLE_SHIPITEMINFO_TXT_000135#	0	0	0	0	0	6812	0	0	0	0	257	386	0	124	0	0	0	0	0	0	0	0
0167	#TABLE_SHIPITEMINFO_TXT_000136#	0	0	0	0	0	7920	0	0	0	0	264	396	0	130	0	0	0	0	0	0	0	0
0168	#TABLE_SHIPITEMINFO_TXT_000137#	0	0	0	0	0	8516	0	0	0	0	276	415	0	100	0	0	0	0	0	0	0	0
0169	#TABLE_SHIPITEMINFO_TXT_000138#	0	0	0	0	0	9798	0	0	0	0	288	432	0	139	0	0	0	0	0	0	0	0
0170	#TABLE_SHIPITEMINFO_TXT_000027#	0	0	0	0	0	11205	0	0	0	0	294	441	0	145	0	0	0	0	0	0	0	0
0171	#TABLE_SHIPITEMINFO_TXT_000139#	0	0	0	0	0	11956	0	0	0	0	306	459	0	148	0	0	0	0	0	0	0	0
0172	#TABLE_SHIPITEMINFO_TXT_000140#	0	0	0	0	0	13559	0	0	0	0	318	478	0	154	0	0	0	0	0	0	0	0
0173	#TABLE_SHIPITEMINFO_TXT_000141#	0	0	0	0	0	7260	0	0	0	0	0	0	0	0	0	0	0	0	0	0	0	0
0174	#TABLE_SHIPITEMINFO_TXT_000142#	0	0	0	0	0	7806	0	0	0	0	0	0	0	0	0	0	0	0	0	0	0	0
0175	#TABLE_SHIPITEMINFO_TXT_000143#	0	0	0	0	0	8380	0	0	0	0	0	0	0	0	0	0	0	0	0	0	0	0
0176	#TABLE_SHIPITEMINFO_TXT_000144#	0	0	0	0	0	8982	0	0	0	0	0	0	0	0	0	0	0	0	0	0	0	0
0177	#TABLE_SHIPITEMINFO_TXT_000145#	0	0	0	0	0	9612	0	0	0	0	0	0	0	0	0	0	0	0	0	0	0	0
0178	#TABLE_SHIPITEMINFO_TXT_000146#	0	0	0	0	0	10271	0	0	0	0	0	0	0	0	0	0	0	0	0	0	0	0
0179	#TABLE_SHIPITEMINFO_TXT_000147#	0	0	0	0	0	10959	0	0	0	0	0	0	0	0	0	0	0	0	0	0	0	0
0180	#TABLE_SHIPITEMINFO_TXT_000148#	0	0	0	0	0	11679	0	0	0	0	0	0	0	0	0	0	0	0	0	0	0	0
0181	#TABLE_SHIPITEMINFO_TXT_000149#	0	0	0	0	0	12429	0	0	0	0	0	0	0	0	0	0	0	0	0	0	0	0
0182	#TABLE_SHIPITEMINFO_TXT_000150#	0	0	0	0	0	13210	0	0	0	0	0	0	0	0	0	0	0	0	0	0	0	0
0183	#TABLE_SHIPITEMINFO_TXT_000151#	0	0	0	0	0	990	0	0	0	0	0	0	0	0	0	0	0	0	0	0	0	0
0184	#TABLE_SHIPITEMINFO_TXT_000152#	0	0	0	0	0	1134	0	0	0	0	0	0	0	0	0	0	0	0	0	0	0	0
0185	#TABLE_SHIPITEMINFO_TXT_000153#	0	0	0	0	0	1292	0	0	0	0	0	0	0	0	0	0	0	0	0	0	0	0
0186	#TABLE_SHIPITEMINFO_TXT_000154#	0	0	0	0	0	1464	0	0	0	0	0	0	0	0	0	0	0	0	0	0	0	0
0187	#TABLE_SHIPITEMINFO_TXT_000155#	0	0	0	0	0	1652	0	0	0	0	0	0	0	0	0	0	0	0	0	0	0	0
0188	#TABLE_SHIPITEMINFO_TXT_000156#	0	0	0	0	0	1856	0	0	0	0	0	0	0	0	0	0	0	0	0	0	0	0
0189	#TABLE_SHIPITEMINFO_TXT_000157#	0	0	0	0	0	2076	0	0	0	0	0	0	0	0	0	0	0	0	0	0	0	0
0190	#TABLE_SHIPITEMINFO_TXT_000158#	0	0	0	0	0	2313	0	0	0	0	0	0	0	0	0	0	0	0	0	0	0	0
0191	#TABLE_SHIPITEMINFO_TXT_000159#	0	0	0	0	0	2568	0	0	0	0	0	0	0	0	0	0	0	0	0	0	0	0
0192	#TABLE_SHIPITEMINFO_TXT_000160#	0	0	0	0	0	2842	0	0	0	0	0	0	0	0	0	0	0	0	0	0	0	0
0193	#TABLE_SHIPITEMINFO_TXT_000161#	0	0	0	0	0	3135	0	0	0	0	0	0	0	0	0	0	0	0	0	0	0	0
0194	#TABLE_SHIPITEMINFO_TXT_000162#	0	0	0	0	0	3447	0	0	0	0	0	0	0	0	0	0	0	0	0	0	0	0
0195	#TABLE_SHIPITEMINFO_TXT_000163#	0	0	0	0	0	3780	0	0	0	0	0	0	0	0	0	0	0	0	0	0	0	0
0196	#TABLE_SHIPITEMINFO_TXT_000164#	0	0	0	0	0	4134	0	0	0	0	0	0	0	0	0	0	0	0	0	0	0	0
0197	#TABLE_SHIPITEMINFO_TXT_000165#	0	0	0	0	0	4510	0	0	0	0	0	0	0	0	0	0	0	0	0	0	0	0
0198	#TABLE_SHIPITEMINFO_TXT_000166#	0	0	0	0	0	4908	0	0	0	0	0	0	0	0	0	0	0	0	0	0	0	0
0199	#TABLE_SHIPITEMINFO_TXT_000167#	0	0	0	0	0	5330	0	0	0	0	0	0	0	0	0	0	0	0	0	0	0	0
0200	#TABLE_SHIPITEMINFO_TXT_000168#	0	0	0	0	0	5775	0	0	0	0	0	0	0	0	0	0	0	0	0	0	0	0
0201	#TABLE_SHIPITEMINFO_TXT_000169#	0	0	0	0	0	6244	0	0	0	0	0	0	0	0	0	0	0	0	0	0	0	0
0202	#TABLE_SHIPITEMINFO_TXT_000170#	0	0	0	0	0	6739	0	0	0	0	0	0	0	0	0	0	0	0	0	0	0	0
0203	#TABLE_SHIPITEMINFO_TXT_000171#	0	0	0	0	0	7260	0	0	0	0	0	0	0	0	0	0	0	0	0	0	0	0
0204	#TABLE_SHIPITEMINFO_TXT_000172#	0	0	0	0	0	7806	0	0	0	0	0	0	0	0	0	0	0	0	0	0	0	0
0205	#TABLE_SHIPITEMINFO_TXT_000173#	0	0	0	0	0	8380	0	0	0	0	0	0	0	0	0	0	0	0	0	0	0	0
0206	#TABLE_SHIPITEMINFO_TXT_000174#	0	0	0	0	0	8982	0	0	0	0	0	0	0	0	0	0	0	0	0	0	0	0
0207	#TABLE_SHIPITEMINFO_TXT_000175#	0	0	0	0	0	9612	0	0	0	0	0	0	0	0	0	0	0	0	0	0	0	0
0208	#TABLE_SHIPITEMINFO_TXT_000176#	0	0	0	0	0	10271	0	0	0	0	0	0	0	0	0	0	0	0	0	0	0	0
0209	#TABLE_SHIPITEMINFO_TXT_000177#	0	0	0	0	0	10959	0	0	0	0	0	0	0	0	0	0	0	0	0	0	0	0
0210	#TABLE_SHIPITEMINFO_TXT_000178#	0	0	0	0	0	11679	0	0	0	0	0	0	0	0	0	0	0	0	0	0	0	0
0211	#TABLE_SHIPITEMINFO_TXT_000179#	0	0	0	0	0	12429	0	0	0	0	0	0	0	0	0	0	0	0	0	0	0	0
0212	#TABLE_SHIPITEMINFO_TXT_000180#	0	0	0	0	0	13210	0	0	0	0	0	0	0	0	0	0	0	0	0	0	0	0
