//序号	NPC名字	NPC类型	Chr索引ID	小地图显示	坐标起点	坐标终点	NPC面向	区域	区域编号	NPC脚本	消息理	检测状态
0	铁匠・暴冰	1	436	1	134423,52988	134423,52988	174	冰狼堡下城	20	0	r_talk73	0
1	杂货商人・伯鲁	1	19	12	135671,48320	135671,48320	174	冰狼堡下城	20	0	r_talk74	0
2	药店老板・达赫	1	19	11	135298,49926	135298,49926	279	冰狼堡下城	20	0	r_talk75	0
3	护士小姐・安妮	1	419	3	131811,50056	131811,50056	-289	冰狼堡下城	20	0	r_talk76	0
4	新手指导・安琪露亚	1	11	15	131577,50700	131577,50700	144	冰狼堡下城	20	0	r_talk77	0
5	冰狼堡剑士・雷欧	1	5	0	136573,57078	136573,57078	219	冰狼堡下城	20	0	r_talk78	0
6	冰狼堡商会会长・艾立克	1	415	0	129486,49842	129486,49842	189	冰狼堡下城	20	0	r_talk79	0
7	冰狼堡贵族・马尔修斯	1	421	0	134652,45141	134652,45141	189	冰狼堡下城	20	0	r_talk80	0
8	银行出纳・布丽娜	1	27	0	136058,51931	136058,51931	264	冰狼堡下城	20	0	r_talk81	0
9	酒吧服务员・芭芭拉	1	400	0	131083,53031	131083,53031	204	冰狼堡下城	20	0	r_talk82	0
10	服装店主・翰娜	1	401	2	134926,53992	134926,53992	279	冰狼堡下城	20	0	r_talk83	0
11	旅店老板・约瑟夫	1	17	0	129074,54098	129074,54098	99	冰狼堡下城	20	0	r_talk84	0
12	冰狼堡传送使・海莉	1	400	7	132304,54403	132304,54403	324	冰狼堡下城	20	0	GoToWhere	0
13	路人・丁	1	425	0	133550,46900	133550,46900	189	冰狼堡下城	20	0	r_talk85	0
16	巡逻兵・小莫	1	12	0	123788,61340	123788,61340	159	阿兰比斯冰原	21	0	r_talk90	0
17	温莉・冰泉	1	444	0	138002,52336	138002,52336	24	冰狼堡上城	19	0	r_talk130	0
18	雷斯・小虫	1	402	0	137986,61256	137986,61256	174	冰狼堡上城	19	0	r_talk131	0
19	达米尔・嘟嘟	1	421	0	159085,53164	159085,53164	219	阿兰比斯冰原	21	0	r_talk132	0
20	狼牙拉姆	1	429	0	153655,70473	153655,70473	309	阿兰比斯冰原	21	0	r_talk134	0
21	仙尼埃尔斯	1	441	0	127507,67204	127507,67204	219	阿兰比斯冰原	21	0	r_talk135	0
22	艾伦娜	1	442	0	114118,57546	114118,57546	114	阿兰比斯冰原	21	0	r_talk136	0
23	赫尔达达	1	415	0	106780,45276	106780,45276	84	阿兰比斯冰原	21	0	r_talk137	0
24	约瑟夫・乔	1	420	0	96497,42207	96497,42207	144	阿兰比斯冰原	21	0	r_talk138	0
25	草莓优优	1	423	0	101059,35051	101059,35051	144	阿兰比斯冰原	21	0	r_talk139	0
26	伊文	1	424	0	142607,28569	142607,28569	129	阿兰比斯冰原	21	0	r_talk140	0
27	苏珊娜	1	437	0	116325,43576	116325,43576	174	阿兰比斯冰原	21	0	r_talk141	0
28	卡诺林	1	443	0	116056,69273	116056,69273	219	阿兰比斯冰原	21	0	r_talk142	0
29	詹姆斯	1	19	0	104332,78068	104332,78068	189	阿兰比斯冰原	21	0	r_talk143	0
30	露西丽丽雅	1	16	0	93685,81858	93685,81858	9	阿兰比斯冰原	21	0	r_talk144	0
31	尤兰达克	1	19	0	78915,79584	78915,79584	54	阿兰比斯冰原	21	0	r_talk145	0
32	科瑞其	1	404	0	99778,45483	99778,45483	144	阿兰比斯冰原	21	0	r_talk148	0
33	米歇尔梅林芬	1	443	0	128093,47812	128093,47812	294	冰狼堡下城	20	0	r_talk149	0
34	海港指挥・席林	1	442	9	121425,68118	121425,68118	159	阿兰比斯冰原	21	0	r_talk154	0
35	船工・乔治	1	405	0	122154,62890	122154,62890	129	阿兰比斯冰原	21	0	r_talk155	0
36	水手・埃迪加	1	445	0	122113,61745	122113,61745	99	阿兰比斯冰原	21	0	r_talk156	0
37	薇莉尔	1	16	0	102816,66840	102816,66840	99	阿兰比斯补给站	59	0	r_talk126	0
38	朱比	1	445	0	103790,67165	103790,67165	9	阿兰比斯补给站	59	0	r_talk170	0
39	奎赛斯・狂沙	1	431	0	102832,64970	102832,64970	174	阿兰比斯补给站	59	0	r_talk118	0
40	朱丽布玛	1	30	0	104946,67361	104946,67361	324	阿兰比斯补给站	59	0	r_talk106	0
41	尤塔里尼	1	420	11	105963,66117	105963,66117	303	阿兰比斯补给站	59	0	r_talk171	0
42	传送使・索非亚	1	400	7	104687,63961	104687,63961	84	阿兰比斯补给站	59	0	transmittal	0
43	通灵者・月光眼	1	442	0	213412,55559	213412,55559	129	骷髅营地补给站	60	0	r_talk119	0
44	修司	1	405	0	213813,54555	213813,54555	159	骷髅营地补给站	60	0	r_talk172	0
45	嘻嘻哈哈	1	413	11	214262,55609	214262,55609	204	骷髅营地补给站	60	0	r_talk173	0
46	传送使・美奈	1	400	7	211692,55139	211692,55139	144	骷髅营地补给站	60	0	transmittal	0
47	尼里艾亚・长发	1	443	0	267573,63174	267573,63174	170	冰极补给站	64	0	r_talk121	0
48	鲁鲁	1	402	0	266885,63490	266885,63490	159	冰极补给站	64	0	r_talk99	0
49	米开朗费罗	1	402	0	266292,64821	266292,64821	99	冰极补给站	64	0	r_talk174	0
50	法迪尔	1	17	11	268019,65721	268019,65721	-34	冰极补给站	64	0	r_talk95	0
51	传送使・阿尔提米斯	1	400	7	269637,63821	269637,63821	159	冰极补给站	64	0	transmittal	0
52	吉尔尼尼斯	1	421	0	80392,35216	80392,35216	144	冰都补给站	56	0	r_talk110	0
53	冬达米婆婆	1	26	0	79533,36321	79533,36321	88	冰都补给站	56	0	r_talk127	0
54	奈奈	1	24	0	79849,36993	79849,36993	54	冰都补给站	56	0	r_talk175	0
55	怪叟爷爷	1	429	11	80869,37361	80869,37361	39	冰都补给站	56	0	r_talk176	0
56	传送使・百合	1	400	7	81800,35420	81800,35420	159	冰都补给站	56	0	transmittal	0
57	阿泰	1	445	0	212875,54026	212875,54026	179	骷髅营地补给站	60	0	r_talk177	0
58	海港指挥・卢克	1	453	9	164218,198624	164218,198624	9	好运岛	70	0	r_talk202	0
59	海港指挥・乔尔乔尼	1	453	9	19433,171580	19433,171580	20	萨迪勒补给站	83	0	r_talk203	0
60	海港指挥・奥登	1	453	9	73818,380324	73818,380324	20	卡马赛补给站	84	0	r_talk204	0
61	海港指挥・拉米修	1	453	9	229717,372373	229717,372373	0	思思索补给站	85	0	r_talk205	0
62	交易员・帕德琉斯	1	17	4	161915,197629	161915,197629	54	好运岛	70	0	r_talk206	0
63	交易员・佩鲁诺	1	17	4	126028,57359	126028,57359	155	冰狼堡下城	20	0	r_talk209	0
64	打包人・阿加恩布赖得	1	440	9	105951,67052	105951,67052	189	阿兰比斯补给站	59	0	r_talk220	0
65	岛屿传送使・茉莉	1	11	7	163428,196823	163428,196823	219	好运岛	70	0	island	0
67	岛屿传送使・莱娜	1	11	7	219573,278526	219573,278526	-137	秋之岛	29	0	r_talk223	0
68	鲁格兰	1	454	0	132068,58570	132068,58570	302	冰狼堡下城	20	0	r_talk226	0
69	克拉拉大师	1	401	0	266432,65465	266432,65465	56	冰极补给站	64	0	r_talk227	0
70	塞维・朱尔	1	423	0	267878,63126	267878,63126	169	冰极补给站	64	0	r_talk232	0
71	凯文・狼	1	429	0	268875,62828	268875,62828	179	冰极补给站	64	0	r_talk233	0
72	旅行商人	1	19	17	132674,53171	132674,53171	211	冰狼堡下城	20	0	r_talk234	0
73	饰品商人・瑞恩	1	19	13	267328,65777	267328,65777	3	冰极补给站	64	0	r_talk241	0
74	打包人・阿加西	1	440	9	198124,55024	198124,55024	160	冰极	22	0	r_talk246	0
75	铁匠・武鑫	1	733	1	331665,251639	331665,251639	354	春风镇	24	0	b_talk1	0
76	客栈老板・龙女	1	737	11	330251,250183	330251,250183	174	春风镇	24	0	b_talk2	0
77	杂货商人・鲁娜儿	1	758	12	327981,250143	327981,250143	159	春风镇	24	0	b_talk3	0
78	贸易商人・油李	1	756	4	319561,250611	319561,250611	118	春风镇	24	0	b_talk4	0
79	传送使・春莉	1	732	7	332693,251188	332693,251188	339	春风镇	24	0	b_talk5	0
80	算命先生・算破天	1	759	0	326250,250244	326250,250244	354	春风镇	24	0	b_talk6	0
81	酒店老板・裴蒂	1	738	0	328713,250185	328713,250185	174	春风镇	24	0	b_talk7	0
82	港口指挥・霜奇	1	760	9	340930,256021	340930,256021	189	春风镇	24	0	b_talk8	0
83	银行总管・王墨	1	755	0	329078,251295	329078,251295	354	春风镇	24	0	b_talk9	0
84	卫兵・赵钱孙	1	771	0	330384,253395	330384,253395	9	春风镇	24	0	b_talk10	0
85	卫兵・周吴郑	1	773	0	329820,253400	329820,253400	339	春风镇	24	0	b_talk11	0
86	青年男子・流云	1	772	0	327579,246787	327579,246787	219	春风镇	24	0	b_talk12	0
87	青年女子・水雾	1	774	0	324125,253336	324125,253336	281	春风镇	24	0	b_talk13	0
88	中年男子・比盖	1	779	0	323545,255054	323545,255054	9	春风镇	24	0	b_talk14	0
89	中年女子・王蓉	1	775	0	326505,254765	326505,254765	324	春风镇	24	0	b_talk15	0
90	东方海盗・铃佐田山	1	736	0	221900,328600	221900,328600	9	春风镇	24	0	b_talk16	0
91	潮流理发师	1	735	0	330030,251341	330030,251341	9	春风镇	24	0	b_talk17	0
92	海港指挥・夏青	1	442	9	368558,265209	368558,265209	219	春风镇	24	0	b_talk19	0
93	海港指挥・夏云	1	442	9	333797,352337	333797,352337	118	春风镇	24	0	b_talk20	0
94	黑市商人	1	415	4	137000,58700	137000,58700	90	冰狼堡下城	20	0	leo_talk10	0
95	炼丹炉	1	839	9	325750,250244	325750,250244	354	春风镇	24	0	star_talk02	0
96	篝火	1	867	0	136300,56300	136300,56300	180	冰狼堡下城	20	0	b_talk25	0
97	物质分解仪	1	866	0	134100,56500	130700,50000	45	冰狼堡下城	20	0	b_talk28	0
98	乱斗管理员	1	424	0	137411,52911	137411,52911	210	冰狼堡下城	20	0	kk_talk01	0
//99	碰碰乐	1	838	0	130400,52900	130400,52900	144	冰狼堡下城	20	0	star_talk03	0
100	精灵商人	1	415	4	137000,58900	137000,58900	90	冰狼堡下城	20	0	leo_talkcc	0
101	介绍员-蓝	1	442	0	134000,56100	134000,56100	30	冰狼堡下城	20	0	max_talka1	0
102	篝火婆婆	1	25	0	136400,56100	136400,56100	180	冰狼堡下城	20	0	max_talka2	0
103	圣诞树	1	783	0	122000,55000	122000,55000	354	冰狼堡下城	20	0	el_talk05	0
103	圣战管理员・玛亚	1	424	0	145000,61300	145000,61300	255	冰狼堡下城	20	0	roico_talk	0
//105	月老	1	429	0	322865,250839	322865,250839	354	春风镇	24	0	amon_talk1	0
//106	牛郎	1	772	0	373465,264939	373465,264939	354	夏岛	27	0	amon_talk2	0
//107	库拉托斯	1	425	0	264600,67100	264600,67100	180	冰极补给站	64	0	dina_talk03	0
//108	库拉托斯	1	425	0	271800,58600	271800,58600	180	冰极补给站	64	0	dina_talk04	0
//109	库拉托斯	1	425	0	271400,69900	271400,69900	180	冰极补给站	64	0	dina_talk05	0
//110	库拉托斯	1	425	0	260900,60700	260900,60700	180	冰极补给站	64	0	dina_talk06	0
111	小测验考官	1	16	0	133000,46800	133000,46800	180	冰狼堡下城	20	0	reading_talk01	0
112	升级考考官	1	16	0	132200,46800	132200,46800	180	冰狼堡下城	20	0	reading_talk02	0
113	秋岛导游小姐	1	442	0	242300,318600	242300,318600	150	秋之岛	29	0	el_talk24	0
114	礼品派送专员	1	16	0	130700,50000	130700,50000	-109	冰狼堡下城	20	0	pre_talk	0
//115	西门庆	1	772	0	373400,266100	373400,266100	174	夏岛	27	0	el_talk25	0
//116	夏岛传送使	1	442	0	371465,266439	371465,266439	354	夏岛	27	0	el_talk26	0
//117	麦瑞	1	781	0	121373,55578	121373,55578	219	冰狼堡下城	20	0	el_talk27	0
//118	克瑞斯莫斯	1	781	0	210692,55139	210692,55139	129	骷髅营地补给站	60	0	el_talk28	0
//119	圣诞村传送使	1	1046	0	130900,50700	130900,50701	175	冰狼堡下城	20	0	movexmas_talk	0
